>ATBCCWGGAATGY	1-ATBCCWGGAATGY	8.758918	-1604.001187	0	T:605.0(60.50%),B:1114.6(2.38%),P:1e-696	Tpos:101.3,Tstd:26.5,Bpos:98.4,Bstd:63.9,StrandBias:-0.1,Multiplicity:1.21
0.446	0.189	0.181	0.184
0.178	0.185	0.194	0.443
0.123	0.254	0.321	0.302
0.038	0.540	0.262	0.160
0.059	0.660	0.001	0.280
0.496	0.004	0.004	0.496
0.099	0.001	0.899	0.001
0.001	0.001	0.997	0.001
0.793	0.079	0.037	0.091
0.997	0.001	0.001	0.001
0.001	0.001	0.001	0.997
0.001	0.050	0.560	0.389
0.017	0.467	0.021	0.495
>NVRMATTCCWKNN	2-NVRMATTCCWKNN	6.826503	-1125.129186	0	T:787.0(78.70%),B:6053.4(12.93%),P:1e-488	Tpos:100.5,Tstd:41.8,Bpos:101.0,Bstd:66.6,StrandBias:-0.3,Multiplicity:1.23
0.274	0.283	0.183	0.261
0.308	0.356	0.335	0.001
0.474	0.030	0.365	0.130
0.360	0.430	0.208	0.001
0.997	0.001	0.001	0.001
0.001	0.001	0.055	0.943
0.221	0.001	0.039	0.739
0.001	0.997	0.001	0.001
0.001	0.712	0.001	0.286
0.278	0.196	0.113	0.413
0.196	0.174	0.361	0.270
0.239	0.222	0.309	0.230
0.252	0.287	0.257	0.204
>GAATGTSAGGAAT	3-GAATGTSAGGAAT	8.368090	-676.355512	0	T:321.0(32.10%),B:847.3(1.81%),P:1e-293	Tpos:103.4,Tstd:30.2,Bpos:102.0,Bstd:66.5,StrandBias:0.5,Multiplicity:1.11
0.042	0.068	0.889	0.001
0.721	0.085	0.049	0.145
0.997	0.001	0.001	0.001
0.001	0.001	0.008	0.990
0.001	0.154	0.736	0.109
0.117	0.355	0.001	0.527
0.180	0.282	0.380	0.159
0.531	0.094	0.221	0.154
0.332	0.001	0.556	0.111
0.001	0.175	0.823	0.001
0.555	0.240	0.017	0.188
0.900	0.051	0.034	0.015
0.001	0.059	0.108	0.832
>DNTTCCTGGAAWG	4-DNTTCCTGGAAWG	8.455891	-210.504271	0	T:133.0(13.30%),B:559.2(1.19%),P:1e-91	Tpos:107.9,Tstd:52.5,Bpos:97.6,Bstd:66.9,StrandBias:0.6,Multiplicity:1.03
0.354	0.202	0.205	0.239
0.294	0.265	0.206	0.235
0.151	0.083	0.233	0.533
0.029	0.101	0.311	0.559
0.047	0.617	0.148	0.188
0.040	0.841	0.002	0.117
0.080	0.015	0.021	0.884
0.106	0.002	0.807	0.085
0.151	0.107	0.683	0.059
0.513	0.084	0.260	0.143
0.465	0.135	0.270	0.130
0.338	0.001	0.243	0.419
0.083	0.105	0.707	0.105
>GVTGASTCABCHH	5-GVTGASTCABCHH	6.837832	-166.313731	0	T:158.0(15.80%),B:1212.2(2.59%),P:1e-72	Tpos:106.1,Tstd:48.7,Bpos:100.0,Bstd:61.7,StrandBias:-0.0,Multiplicity:1.11
0.215	0.206	0.373	0.206
0.343	0.318	0.320	0.019
0.001	0.001	0.001	0.997
0.001	0.001	0.997	0.001
0.997	0.001	0.001	0.001
0.001	0.521	0.477	0.001
0.001	0.001	0.001	0.997
0.001	0.997	0.001	0.001
0.997	0.001	0.001	0.001
0.009	0.319	0.288	0.383
0.206	0.409	0.160	0.225
0.296	0.330	0.159	0.215
0.348	0.347	0.081	0.225
>DSCCTSAGGCHWB	6-DSCCTSAGGCHWB	6.258702	-148.626536	0	T:457.0(45.70%),B:10039.9(21.44%),P:1e-64	Tpos:99.4,Tstd:53.2,Bpos:100.4,Bstd:61.3,StrandBias:-0.0,Multiplicity:1.31
0.230	0.055	0.366	0.349
0.019	0.358	0.503	0.120
0.001	0.997	0.001	0.001
0.001	0.851	0.001	0.147
0.204	0.219	0.001	0.576
0.179	0.311	0.429	0.081
0.613	0.001	0.336	0.050
0.169	0.001	0.829	0.001
0.001	0.001	0.997	0.001
0.134	0.535	0.257	0.074
0.274	0.355	0.112	0.259
0.384	0.128	0.189	0.298
0.151	0.225	0.320	0.303
>AATATGGCGAGAA	7-AATATGGCGAGAA	12.800082	-147.397453	0	T:24.0(2.40%),B:1.6(0.00%),P:1e-64	Tpos:95.0,Tstd:50.7,Bpos:38.9,Bstd:1.4,StrandBias:-0.9,Multiplicity:2.12
0.997	0.001	0.001	0.001
0.924	0.074	0.001	0.001
0.001	0.001	0.074	0.924
0.997	0.001	0.001	0.001
0.074	0.001	0.001	0.924
0.151	0.001	0.773	0.075
0.075	0.001	0.849	0.075
0.001	0.772	0.001	0.226
0.311	0.075	0.539	0.075
0.997	0.001	0.001	0.001
0.075	0.151	0.773	0.001
0.619	0.001	0.379	0.001
0.924	0.074	0.001	0.001
>AAWCATGGAAAAT	8-AAWCATGGAAAAT	14.696448	-147.397453	0	T:24.0(2.40%),B:0.4(0.00%),P:1e-64	Tpos:94.4,Tstd:50.8,Bpos:92.0,Bstd:0.0,StrandBias:-0.4,Multiplicity:1.71
0.997	0.001	0.001	0.001
0.997	0.001	0.001	0.001
0.430	0.001	0.001	0.568
0.001	0.629	0.369	0.001
0.629	0.001	0.369	0.001
0.019	0.331	0.019	0.631
0.001	0.001	0.997	0.001
0.001	0.001	0.997	0.001
0.997	0.001	0.001	0.001
0.997	0.001	0.001	0.001
0.997	0.001	0.001	0.001
0.997	0.001	0.001	0.001
0.001	0.001	0.001	0.997
>ACTGTAGGACVTG	9-ACTGTAGGACVTG	12.671642	-133.345482	0	T:22.0(2.20%),B:1.7(0.00%),P:1e-57	Tpos:105.6,Tstd:50.2,Bpos:60.6,Bstd:30.6,StrandBias:-1.0,Multiplicity:1.91
0.997	0.001	0.001	0.001
0.001	0.997	0.001	0.001
0.001	0.001	0.001	0.997
0.047	0.001	0.719	0.233
0.001	0.001	0.001	0.997
0.997	0.001	0.001	0.001
0.001	0.001	0.997	0.001
0.001	0.001	0.997	0.001
0.977	0.001	0.001	0.021
0.001	0.997	0.001	0.001
0.233	0.338	0.324	0.105
0.001	0.001	0.001	0.997
0.001	0.001	0.997	0.001
>ACGTGAAAAATGA	10-ACGTGAAAAATGA	13.832377	-126.386756	0	T:21.0(2.10%),B:0.0(0.00%),P:1e-54	Tpos:109.2,Tstd:61.2,Bpos:0.0,Bstd:0.0,StrandBias:0.1,Multiplicity:1.29
0.997	0.001	0.001	0.001
0.001	0.970	0.028	0.001
0.001	0.001	0.591	0.407
0.001	0.001	0.001	0.997
0.001	0.001	0.997	0.001
0.997	0.001	0.001	0.001
0.997	0.001	0.001	0.001
0.970	0.028	0.001	0.001
0.997	0.001	0.001	0.001
0.970	0.001	0.001	0.028
0.001	0.001	0.001	0.997
0.001	0.001	0.997	0.001
0.997	0.001	0.001	0.001
>GAAAATCACGGAA	11-GAAAATCACGGAA	15.127448	-111.850622	0	T:21.0(2.10%),B:2.6(0.01%),P:1e-48	Tpos:85.0,Tstd:52.6,Bpos:0.0,Bstd:0.0,StrandBias:-1.0,Multiplicity:1.00
0.001	0.001	0.997	0.001
0.997	0.001	0.001	0.001
0.997	0.001	0.001	0.001
0.860	0.138	0.001	0.001
0.997	0.001	0.001	0.001
0.001	0.001	0.001	0.997
0.001	0.997	0.001	0.001
0.997	0.001	0.001	0.001
0.303	0.557	0.001	0.139
0.138	0.001	0.860	0.001
0.001	0.001	0.997	0.001
0.860	0.001	0.001	0.138
0.997	0.001	0.001	0.001
>GGCAAGAATTTGA	12-GGCAAGAATTTGA	14.683409	-98.017754	0	T:22.0(2.20%),B:5.3(0.01%),P:1e-42	Tpos:115.5,Tstd:23.5,Bpos:133.1,Bstd:33.8,StrandBias:0.3,Multiplicity:1.10
0.234	0.001	0.764	0.001
0.001	0.001	0.997	0.001
0.019	0.979	0.001	0.001
0.997	0.001	0.001	0.001
0.705	0.001	0.293	0.001
0.001	0.001	0.997	0.001
0.979	0.001	0.019	0.001
0.983	0.001	0.015	0.001
0.235	0.001	0.001	0.763
0.001	0.295	0.235	0.469
0.001	0.001	0.001	0.997
0.239	0.001	0.759	0.001
0.997	0.001	0.001	0.001
>ATTGGGCTAGGAC	13-ATTGGGCTAGGAC	13.057639	-92.355280	0	T:16.0(1.60%),B:1.9(0.00%),P:1e-40	Tpos:103.8,Tstd:44.9,Bpos:92.3,Bstd:22.6,StrandBias:0.2,Multiplicity:1.19
0.664	0.107	0.001	0.228
0.001	0.001	0.001	0.997
0.105	0.001	0.001	0.893
0.001	0.001	0.893	0.105
0.001	0.001	0.893	0.105
0.001	0.336	0.557	0.106
0.001	0.997	0.001	0.001
0.231	0.107	0.001	0.661
0.893	0.001	0.001	0.105
0.001	0.001	0.893	0.105
0.001	0.001	0.997	0.001
0.787	0.106	0.001	0.106
0.001	0.891	0.107	0.001
>ACACACTTTAGGA	14-ACACACTTTAGGA	15.466331	-92.355280	0	T:16.0(1.60%),B:1.8(0.00%),P:1e-40	Tpos:77.3,Tstd:47.1,Bpos:171.7,Bstd:3.9,StrandBias:-0.4,Multiplicity:1.00
0.997	0.001	0.001	0.001
0.001	0.997	0.001	0.001
0.997	0.001	0.001	0.001
0.001	0.832	0.166	0.001
0.997	0.001	0.001	0.001
0.001	0.997	0.001	0.001
0.001	0.001	0.001	0.997
0.001	0.001	0.001	0.997
0.166	0.001	0.001	0.832
0.832	0.001	0.166	0.001
0.166	0.001	0.832	0.001
0.001	0.001	0.832	0.166
0.997	0.001	0.001	0.001
>CGAAATCAGTGAA	15-CGAAATCAGTGAA	13.914357	-85.721082	0	T:15.0(1.50%),B:1.0(0.00%),P:1e-37	Tpos:116.5,Tstd:67.9,Bpos:189.0,Bstd:0.0,StrandBias:-0.2,Multiplicity:1.00
0.001	0.764	0.001	0.234
0.249	0.235	0.515	0.001
0.997	0.001	0.001	0.001
0.997	0.001	0.001	0.001
0.997	0.001	0.001	0.001
0.001	0.001	0.001	0.997
0.001	0.995	0.001	0.003
0.764	0.001	0.001	0.234
0.001	0.295	0.469	0.235
0.001	0.001	0.001	0.997
0.239	0.004	0.756	0.001
0.997	0.001	0.001	0.001
0.997	0.001	0.001	0.001
>GCAGGAATTTGAC	16-GCAGGAATTTGAC	13.299374	-81.155434	0	T:24.0(2.40%),B:17.0(0.04%),P:1e-35	Tpos:85.9,Tstd:70.8,Bpos:82.0,Bstd:51.0,StrandBias:0.4,Multiplicity:1.00
0.001	0.001	0.997	0.001
0.399	0.599	0.001	0.001
0.799	0.001	0.001	0.199
0.001	0.001	0.997	0.001
0.001	0.001	0.997	0.001
0.997	0.001	0.001	0.001
0.599	0.001	0.399	0.001
0.001	0.399	0.001	0.599
0.200	0.200	0.001	0.599
0.001	0.001	0.001	0.997
0.001	0.001	0.997	0.001
0.997	0.001	0.001	0.001
0.001	0.799	0.199	0.001
>TSCCAGSAATGTG	17-TSCCAGSAATGTG	12.688810	-80.013221	0	T:29.0(2.90%),B:36.2(0.08%),P:1e-34	Tpos:111.5,Tstd:48.1,Bpos:77.6,Bstd:52.1,StrandBias:-0.6,Multiplicity:1.00
0.001	0.001	0.149	0.849
0.150	0.398	0.451	0.001
0.001	0.997	0.001	0.001
0.001	0.997	0.001	0.001
0.849	0.001	0.001	0.149
0.001	0.001	0.997	0.001
0.001	0.450	0.548	0.001
0.849	0.001	0.001	0.149
0.752	0.097	0.001	0.150
0.300	0.001	0.001	0.698
0.001	0.001	0.997	0.001
0.001	0.001	0.001	0.997
0.001	0.001	0.997	0.001
>GGSWGGGMTTTRA	18-GGSWGGGMTTTRA	10.390319	-50.648006	0	T:45.0(4.50%),B:315.9(0.67%),P:1e-21	Tpos:106.5,Tstd:57.4,Bpos:107.5,Bstd:58.0,StrandBias:-0.3,Multiplicity:1.04
0.115	0.001	0.883	0.001
0.001	0.004	0.937	0.058
0.001	0.535	0.463	0.001
0.531	0.001	0.001	0.467
0.116	0.001	0.820	0.063
0.001	0.001	0.941	0.057
0.356	0.001	0.642	0.001
0.478	0.464	0.001	0.058
0.174	0.009	0.058	0.759
0.001	0.405	0.001	0.593
0.058	0.058	0.001	0.883
0.535	0.001	0.463	0.001
0.768	0.116	0.058	0.058
>CATCCACTTGACG	19-CATCCACTTGACG	15.370886	-47.474923	0	T:9.0(0.90%),B:1.6(0.00%),P:1e-20	Tpos:97.1,Tstd:68.3,Bpos:135.0,Bstd:0.0,StrandBias:3.0,Multiplicity:1.00
0.001	0.997	0.001	0.001
0.997	0.001	0.001	0.001
0.001	0.001	0.001	0.997
0.001	0.997	0.001	0.001
0.001	0.795	0.102	0.102
0.897	0.001	0.001	0.101
0.001	0.997	0.001	0.001
0.001	0.001	0.001	0.997
0.001	0.001	0.001	0.997
0.001	0.001	0.997	0.001
0.997	0.001	0.001	0.001
0.001	0.795	0.102	0.102
0.001	0.001	0.997	0.001
>AGCCTACTTCCTT	20-AGCCTACTTCCTT	12.298807	-46.882882	0	T:21.0(2.10%),B:46.5(0.10%),P:1e-20	Tpos:93.2,Tstd:38.8,Bpos:104.1,Bstd:55.2,StrandBias:-0.4,Multiplicity:1.37
0.920	0.001	0.078	0.001
0.083	0.160	0.678	0.079
0.001	0.997	0.001	0.001
0.001	0.589	0.001	0.409
0.079	0.294	0.001	0.626
0.997	0.001	0.001	0.001
0.001	0.997	0.001	0.001
0.001	0.078	0.001	0.920
0.001	0.157	0.001	0.841
0.001	0.934	0.001	0.064
0.001	0.940	0.001	0.058
0.001	0.321	0.001	0.677
0.065	0.001	0.158	0.776
>ATTKMWCTAGAGC	21-ATTKMWCTAGAGC	12.218836	-41.423011	0	T:8.0(0.80%),B:1.4(0.00%),P:1e-17	Tpos:97.7,Tstd:47.4,Bpos:101.3,Bstd:10.1,StrandBias:0.4,Multiplicity:1.00
0.997	0.001	0.001	0.001
0.001	0.001	0.001	0.997
0.001	0.001	0.001	0.997
0.001	0.114	0.442	0.442
0.556	0.442	0.001	0.001
0.442	0.001	0.001	0.556
0.001	0.997	0.001	0.001
0.001	0.001	0.001	0.997
0.910	0.001	0.001	0.088
0.001	0.001	0.997	0.001
0.997	0.001	0.001	0.001
0.001	0.001	0.997	0.001
0.001	0.997	0.001	0.001
>TGGAGAGCTTTTG	22-TGGAGAGCTTTTG	15.232588	-31.444265	0	T:9.0(0.90%),B:6.4(0.01%),P:1e-13	Tpos:114.3,Tstd:41.5,Bpos:98.1,Bstd:57.6,StrandBias:-0.3,Multiplicity:1.00
0.001	0.001	0.001	0.997
0.001	0.001	0.997	0.001
0.001	0.001	0.997	0.001
0.997	0.001	0.001	0.001
0.001	0.001	0.997	0.001
0.877	0.001	0.121	0.001
0.121	0.001	0.877	0.001
0.001	0.997	0.001	0.001
0.001	0.001	0.001	0.997
0.001	0.121	0.001	0.877
0.001	0.121	0.001	0.877
0.001	0.001	0.121	0.877
0.001	0.121	0.877	0.001
>TTCTACAGTGTGG	23-TTCTACAGTGTGG	15.997997	-24.047403	0	T:5.0(0.50%),B:0.4(0.00%),P:1e-10	Tpos:112.1,Tstd:51.3,Bpos:151.0,Bstd:0.0,StrandBias:-0.4,Multiplicity:1.40
0.001	0.001	0.001	0.997
0.001	0.001	0.001	0.997
0.001	0.997	0.001	0.001
0.001	0.137	0.001	0.861
0.997	0.001	0.001	0.001
0.001	0.997	0.001	0.001
0.997	0.001	0.001	0.001
0.001	0.001	0.997	0.001
0.001	0.001	0.001	0.997
0.001	0.001	0.997	0.001
0.001	0.001	0.001	0.997
0.001	0.001	0.997	0.001
0.001	0.001	0.997	0.001
>TCAKTGTAACTCA	24-TCAKTGTAACTCA	15.204860	-24.047403	0	T:5.0(0.50%),B:1.6(0.00%),P:1e-10	Tpos:71.3,Tstd:45.5,Bpos:191.0,Bstd:0.0,StrandBias:1.0,Multiplicity:1.80
0.001	0.001	0.001	0.997
0.001	0.997	0.001	0.001
0.997	0.001	0.001	0.001
0.001	0.001	0.452	0.546
0.001	0.001	0.001	0.997
0.001	0.001	0.997	0.001
0.001	0.001	0.001	0.997
0.997	0.001	0.001	0.001
0.997	0.001	0.001	0.001
0.001	0.868	0.130	0.001
0.001	0.001	0.001	0.997
0.001	0.997	0.001	0.001
0.868	0.001	0.001	0.130
>ATTTTTTTTTTTT	25-ATTTTTTTTTTTT	14.095495	-7.040477	0	T:23.0(2.30%),B:511.7(1.09%),P:1e-3	Tpos:66.4,Tstd:71.0,Bpos:98.1,Bstd:66.9,StrandBias:-0.5,Multiplicity:1.00
0.806	0.006	0.001	0.187
0.156	0.001	0.057	0.786
0.001	0.065	0.001	0.933
0.001	0.001	0.001	0.997
0.001	0.001	0.001	0.997
0.001	0.121	0.001	0.877
0.137	0.001	0.001	0.861
0.001	0.001	0.001	0.997
0.001	0.194	0.001	0.804
0.001	0.001	0.001	0.997
0.001	0.001	0.001	0.997
0.001	0.001	0.001	0.997
0.001	0.195	0.001	0.803
>NNNNBSCWGGAATGYNNN	1-NNNNBSCWGGAATGYNNN	8.864770	-1400.562632	0	T:578.0(57.80%),B:1313.7(2.81%),P:1e-608	Tpos:101.7,Tstd:32.3,Bpos:99.7,Bstd:62.7,StrandBias:-0.0,Multiplicity:1.16
0.268	0.211	0.227	0.294
0.206	0.289	0.268	0.237
0.201	0.232	0.289	0.278
0.278	0.278	0.247	0.196
0.139	0.263	0.314	0.283
0.119	0.417	0.320	0.144
0.098	0.562	0.211	0.129
0.468	0.001	0.001	0.530
0.001	0.001	0.997	0.001
0.001	0.001	0.997	0.001
0.997	0.001	0.001	0.001
0.997	0.001	0.001	0.001
0.001	0.001	0.001	0.997
0.001	0.103	0.536	0.360
0.001	0.437	0.001	0.561
0.253	0.227	0.268	0.253
0.294	0.201	0.268	0.237
0.278	0.304	0.217	0.201
>CWGGMATKCCWGGAATGY	2-CWGGMATKCCWGGAATGY	8.788605	-1167.896572	0	T:441.0(44.10%),B:719.4(1.54%),P:1e-507	Tpos:101.0,Tstd:23.5,Bpos:99.1,Bstd:64.6,StrandBias:0.0,Multiplicity:1.12
0.165	0.422	0.264	0.148
0.439	0.099	0.155	0.307
0.297	0.102	0.518	0.083
0.280	0.119	0.552	0.049
0.442	0.356	0.063	0.139
0.812	0.076	0.056	0.056
0.001	0.046	0.059	0.894
0.001	0.171	0.392	0.435
0.046	0.650	0.053	0.251
0.099	0.564	0.129	0.208
0.469	0.043	0.109	0.380
0.266	0.001	0.732	0.001
0.105	0.112	0.782	0.001
0.620	0.218	0.066	0.096
0.935	0.036	0.026	0.003
0.003	0.036	0.007	0.954
0.007	0.053	0.557	0.383
0.036	0.488	0.053	0.422
>AAAATCATGGAAAATGAG	3-AAAATCATGGAAAATGAG	12.574287	-168.785560	0	T:27.0(2.70%),B:1.9(0.00%),P:1e-73	Tpos:105.3,Tstd:54.1,Bpos:100.3,Bstd:21.7,StrandBias:-0.5,Multiplicity:2.04
0.997	0.001	0.001	0.001
0.783	0.001	0.108	0.108
0.783	0.108	0.108	0.001
0.997	0.001	0.001	0.001
0.336	0.108	0.001	0.555
0.001	0.891	0.107	0.001
0.773	0.001	0.225	0.001
0.001	0.332	0.001	0.666
0.216	0.001	0.675	0.108
0.332	0.001	0.666	0.001
0.891	0.001	0.001	0.107
0.997	0.001	0.001	0.001
0.997	0.001	0.001	0.001
0.891	0.001	0.001	0.107
0.001	0.001	0.001	0.997
0.108	0.108	0.783	0.001
0.997	0.001	0.001	0.001
0.001	0.001	0.890	0.108
>TAGGACVTGGAATATGGC	4-TAGGACVTGGAATATGGC	18.821164	-140.349678	0	T:23.0(2.30%),B:0.0(0.00%),P:1e-60	Tpos:92.8,Tstd:47.1,Bpos:0.0,Bstd:0.0,StrandBias:-1.1,Multiplicity:1.87
0.043	0.043	0.001	0.913
0.977	0.001	0.021	0.001
0.001	0.001	0.997	0.001
0.001	0.001	0.997	0.001
0.997	0.001	0.001	0.001
0.001	0.955	0.022	0.022
0.234	0.321	0.376	0.069
0.021	0.001	0.001	0.977
0.001	0.001	0.997	0.001
0.354	0.001	0.623	0.022
0.997	0.001	0.001	0.001
0.977	0.021	0.001	0.001
0.001	0.001	0.001	0.997
0.997	0.001	0.001	0.001
0.021	0.001	0.001	0.977
0.022	0.001	0.955	0.022
0.001	0.001	0.977	0.021
0.001	0.955	0.001	0.043
>AAAATAAGAAATGCACAC	5-AAAATAAGAAATGCACAC	11.113589	-140.349678	0	T:23.0(2.30%),B:0.6(0.00%),P:1e-60	Tpos:77.7,Tstd:44.7,Bpos:175.0,Bstd:0.0,StrandBias:-0.2,Multiplicity:1.06
0.997	0.001	0.001	0.001
0.997	0.001	0.001	0.001
0.997	0.001	0.001	0.001
0.794	0.001	0.001	0.204
0.001	0.001	0.001	0.997
0.794	0.001	0.001	0.204
0.835	0.001	0.163	0.001
0.001	0.002	0.834	0.163
0.997	0.001	0.001	0.001
0.997	0.001	0.001	0.001
0.997	0.001	0.001	0.001
0.001	0.001	0.001	0.997
0.001	0.001	0.834	0.164
0.001	0.794	0.001	0.204
0.794	0.204	0.001	0.001
0.001	0.997	0.001	0.001
0.997	0.001	0.001	0.001
0.001	0.997	0.001	0.001
>CTTAAGGACGTGAAATAT	6-CTTAAGGACGTGAAATAT	13.085139	-140.349678	0	T:23.0(2.30%),B:1.9(0.00%),P:1e-60	Tpos:107.8,Tstd:48.4,Bpos:47.2,Bstd:32.1,StrandBias:0.0,Multiplicity:1.00
0.306	0.692	0.001	0.001
0.001	0.307	0.035	0.657
0.001	0.001	0.342	0.656
0.613	0.001	0.001	0.385
0.690	0.001	0.308	0.001
0.001	0.001	0.997	0.001
0.001	0.001	0.691	0.307
0.963	0.001	0.001	0.035
0.036	0.654	0.001	0.309
0.001	0.308	0.656	0.035
0.001	0.001	0.306	0.692
0.306	0.001	0.692	0.001
0.657	0.001	0.341	0.001
0.997	0.001	0.001	0.001
0.997	0.001	0.001	0.001
0.001	0.001	0.001	0.997
0.997	0.001	0.001	0.001
0.001	0.001	0.001	0.997
>AGAAAACTGAAAATCATG	7-AGAAAACTGAAAATCATG	14.641328	-140.349678	0	T:23.0(2.30%),B:0.0(0.00%),P:1e-60	Tpos:41.2,Tstd:48.9,Bpos:0.0,Bstd:0.0,StrandBias:-1.6,Multiplicity:1.00
0.700	0.100	0.100	0.100
0.100	0.100	0.700	0.100
0.700	0.100	0.100	0.100
0.700	0.100	0.100	0.100
0.700	0.100	0.100	0.100
0.700	0.100	0.100	0.100
0.100	0.700	0.100	0.100
0.100	0.100	0.100	0.700
0.100	0.100	0.700	0.100
0.700	0.100	0.100	0.100
0.700	0.100	0.100	0.100
0.700	0.100	0.100	0.100
0.700	0.100	0.100	0.100
0.100	0.100	0.100	0.700
0.100	0.700	0.100	0.100
0.700	0.100	0.100	0.100
0.100	0.100	0.100	0.700
0.100	0.100	0.700	0.100
>YTGGAATGTSSYTGGAAT	8-YTGGAATGTSSYTGGAAT	12.406255	-116.834211	0	T:34.0(3.40%),B:21.5(0.05%),P:1e-50	Tpos:95.7,Tstd:39.9,Bpos:100.0,Bstd:73.7,StrandBias:0.9,Multiplicity:1.59
0.001	0.441	0.001	0.557
0.275	0.001	0.223	0.501
0.055	0.001	0.943	0.001
0.001	0.001	0.997	0.001
0.725	0.109	0.001	0.165
0.997	0.001	0.001	0.001
0.001	0.001	0.001	0.997
0.001	0.001	0.667	0.331
0.001	0.282	0.164	0.553
0.118	0.386	0.385	0.111
0.001	0.502	0.388	0.109
0.001	0.439	0.001	0.559
0.276	0.001	0.114	0.609
0.385	0.001	0.613	0.001
0.109	0.001	0.889	0.001
0.779	0.001	0.054	0.166
0.889	0.001	0.109	0.001
0.054	0.001	0.219	0.726
>CCAAWGTCAAATTCCTGC	9-CCAAWGTCAAATTCCTGC	20.601957	-99.051110	0	T:17.0(1.70%),B:1.9(0.00%),P:1e-43	Tpos:98.3,Tstd:24.8,Bpos:112.0,Bstd:0.0,StrandBias:0.3,Multiplicity:1.06
0.001	0.997	0.001	0.001
0.001	0.865	0.001	0.133
0.966	0.032	0.001	0.001
0.966	0.032	0.001	0.001
0.407	0.001	0.133	0.459
0.066	0.001	0.932	0.001
0.001	0.001	0.001	0.997
0.001	0.997	0.001	0.001
0.966	0.001	0.001	0.032
0.599	0.033	0.367	0.001
0.966	0.001	0.001	0.032
0.001	0.032	0.001	0.966
0.001	0.001	0.001	0.997
0.001	0.997	0.001	0.001
0.001	0.932	0.001	0.066
0.032	0.001	0.001	0.966
0.001	0.001	0.966	0.032
0.001	0.966	0.001	0.032
>GAGGAAAACTGAAAAAGG	10-GAGGAAAACTGAAAAAGG	14.641328	-85.721082	0	T:15.0(1.50%),B:1.4(0.00%),P:1e-37	Tpos:90.6,Tstd:35.8,Bpos:103.0,Bstd:0.0,StrandBias:-0.8,Multiplicity:1.00
0.100	0.100	0.700	0.100
0.700	0.100	0.100	0.100
0.100	0.100	0.700	0.100
0.100	0.100	0.700	0.100
0.700	0.100	0.100	0.100
0.700	0.100	0.100	0.100
0.700	0.100	0.100	0.100
0.700	0.100	0.100	0.100
0.100	0.700	0.100	0.100
0.100	0.100	0.100	0.700
0.100	0.100	0.700	0.100
0.700	0.100	0.100	0.100
0.700	0.100	0.100	0.100
0.700	0.100	0.100	0.100
0.700	0.100	0.100	0.100
0.700	0.100	0.100	0.100
0.100	0.100	0.700	0.100
0.100	0.100	0.700	0.100
>ATGACTTTAAACATTACA	11-ATGACTTTAAACATTACA	10.698939	-85.721082	0	T:15.0(1.50%),B:0.9(0.00%),P:1e-37	Tpos:110.6,Tstd:68.5,Bpos:48.0,Bstd:0.0,StrandBias:1.0,Multiplicity:1.00
0.997	0.001	0.001	0.001
0.001	0.171	0.017	0.811
0.035	0.001	0.947	0.017
0.997	0.001	0.001	0.001
0.016	0.982	0.001	0.001
0.001	0.001	0.001	0.997
0.001	0.001	0.001	0.997
0.001	0.001	0.204	0.794
0.997	0.001	0.001	0.001
0.982	0.001	0.016	0.001
0.982	0.016	0.001	0.001
0.204	0.794	0.001	0.001
0.997	0.001	0.001	0.001
0.001	0.001	0.001	0.997
0.001	0.001	0.204	0.794
0.997	0.001	0.001	0.001
0.001	0.997	0.001	0.001
0.845	0.001	0.153	0.001
>RGAATYTRACTTTAGGCT	12-RGAATYTRACTTTAGGCT	12.674581	-81.595759	0	T:23.0(2.30%),B:13.2(0.03%),P:1e-35	Tpos:105.2,Tstd:47.8,Bpos:105.0,Bstd:48.7,StrandBias:0.4,Multiplicity:1.44
0.448	0.001	0.550	0.001
0.001	0.001	0.997	0.001
0.997	0.001	0.001	0.001
0.891	0.107	0.001	0.001
0.215	0.001	0.001	0.783
0.001	0.556	0.001	0.442
0.001	0.001	0.001	0.997
0.442	0.001	0.556	0.001
0.891	0.107	0.001	0.001
0.001	0.675	0.001	0.323
0.107	0.001	0.001	0.891
0.001	0.107	0.001	0.891
0.108	0.114	0.108	0.670
0.551	0.001	0.335	0.113
0.001	0.001	0.997	0.001
0.001	0.113	0.670	0.216
0.001	0.783	0.215	0.001
0.113	0.001	0.001	0.885
>AGCTTACTTCCTTGTCCT	13-AGCTTACTTCCTTGTCCT	13.313363	-63.839362	0	T:17.0(1.70%),B:8.9(0.02%),P:1e-27	Tpos:97.1,Tstd:47.6,Bpos:105.0,Bstd:50.8,StrandBias:-0.1,Multiplicity:1.47
0.995	0.001	0.002	0.002
0.275	0.001	0.723	0.001
0.001	0.860	0.137	0.002
0.137	0.303	0.001	0.559
0.001	0.279	0.001	0.719
0.997	0.001	0.001	0.001
0.001	0.859	0.001	0.139
0.001	0.001	0.001	0.997
0.001	0.001	0.001	0.997
0.001	0.997	0.001	0.001
0.001	0.857	0.001	0.141
0.002	0.140	0.138	0.720
0.002	0.002	0.001	0.995
0.137	0.140	0.722	0.001
0.001	0.001	0.001	0.997
0.137	0.722	0.001	0.140
0.278	0.719	0.001	0.002
0.001	0.001	0.137	0.861
>AAGAGCTCTCCACATTCC	14-AAGAGCTCTCCACATTCC	14.363750	-53.633161	0	T:10.0(1.00%),B:0.7(0.00%),P:1e-23	Tpos:88.9,Tstd:52.0,Bpos:128.0,Bstd:0.0,StrandBias:-0.6,Multiplicity:1.00
0.678	0.320	0.001	0.001
0.839	0.159	0.001	0.001
0.358	0.001	0.640	0.001
0.661	0.001	0.337	0.001
0.319	0.001	0.679	0.001
0.001	0.997	0.001	0.001
0.001	0.001	0.001	0.997
0.001	0.803	0.001	0.195
0.159	0.001	0.001	0.839
0.001	0.641	0.357	0.001
0.001	0.981	0.017	0.001
0.839	0.159	0.001	0.001
0.001	0.678	0.320	0.001
0.839	0.159	0.001	0.001
0.320	0.164	0.018	0.498
0.339	0.001	0.001	0.659
0.001	0.638	0.001	0.360
0.161	0.499	0.001	0.339
>CAAGATGAABACAGCTGA	15-CAAGATGAABACAGCTGA	15.508376	-47.474923	0	T:9.0(0.90%),B:1.9(0.00%),P:1e-20	Tpos:99.2,Tstd:57.2,Bpos:189.0,Bstd:0.0,StrandBias:0.3,Multiplicity:1.00
0.306	0.692	0.001	0.001
0.666	0.001	0.320	0.013
0.692	0.001	0.001	0.306
0.001	0.001	0.997	0.001
0.692	0.001	0.306	0.001
0.001	0.001	0.001	0.997
0.001	0.001	0.692	0.306
0.692	0.001	0.306	0.001
0.692	0.306	0.001	0.001
0.001	0.307	0.307	0.386
0.986	0.001	0.012	0.001
0.001	0.679	0.013	0.307
0.997	0.001	0.001	0.001
0.012	0.001	0.986	0.001
0.001	0.986	0.001	0.012
0.001	0.306	0.001	0.692
0.306	0.001	0.692	0.001
0.986	0.001	0.012	0.001
>TATKCAGTGACATYCAGA	16-TATKCAGTGACATYCAGA	13.249687	-44.579819	0	T:14.0(1.40%),B:12.5(0.03%),P:1e-19	Tpos:129.5,Tstd:34.8,Bpos:90.3,Bstd:69.1,StrandBias:0.8,Multiplicity:1.08
0.196	0.089	0.178	0.537
0.733	0.001	0.089	0.177
0.001	0.177	0.001	0.821
0.001	0.001	0.461	0.537
0.001	0.910	0.001	0.088
0.997	0.001	0.001	0.001
0.088	0.001	0.910	0.001
0.001	0.089	0.177	0.733
0.001	0.001	0.910	0.088
0.910	0.001	0.001	0.088
0.001	0.910	0.088	0.001
0.910	0.001	0.001	0.088
0.001	0.177	0.089	0.733
0.089	0.444	0.107	0.360
0.001	0.733	0.089	0.177
0.626	0.107	0.089	0.178
0.177	0.107	0.715	0.001
0.644	0.089	0.266	0.001
>ACTYTTCWACATTGTGST	17-ACTYTTCWACATTGTGST	15.244590	-41.423011	0	T:8.0(0.80%),B:1.6(0.00%),P:1e-17	Tpos:128.9,Tstd:51.6,Bpos:11.0,Bstd:0.0,StrandBias:0.6,Multiplicity:1.25
0.571	0.015	0.001	0.413
0.208	0.411	0.190	0.190
0.001	0.189	0.001	0.809
0.001	0.380	0.209	0.410
0.001	0.001	0.001	0.997
0.001	0.014	0.001	0.984
0.001	0.997	0.001	0.001
0.380	0.190	0.001	0.429
0.588	0.001	0.001	0.410
0.001	0.794	0.190	0.015
0.997	0.001	0.001	0.001
0.190	0.015	0.224	0.571
0.001	0.001	0.001	0.997
0.001	0.014	0.984	0.001
0.001	0.001	0.014	0.984
0.001	0.379	0.619	0.001
0.205	0.380	0.414	0.001
0.001	0.380	0.030	0.589
>CTCCCAGAYTNCAGGGCA	18-CTCCCAGAYTNCAGGGCA	15.845823	-35.489830	0	T:7.0(0.70%),B:1.4(0.00%),P:1e-15	Tpos:114.0,Tstd:50.4,Bpos:92.3,Bstd:24.5,StrandBias:-2.6,Multiplicity:1.00
0.001	0.764	0.001	0.234
0.234	0.001	0.001	0.764
0.003	0.995	0.001	0.001
0.235	0.525	0.001	0.239
0.001	0.764	0.001	0.234
0.997	0.001	0.001	0.001
0.001	0.001	0.997	0.001
0.946	0.052	0.001	0.001
0.001	0.529	0.001	0.469
0.001	0.234	0.001	0.764
0.235	0.235	0.235	0.295
0.001	0.764	0.234	0.001
0.712	0.048	0.001	0.239
0.001	0.001	0.764	0.234
0.001	0.001	0.764	0.234
0.234	0.001	0.764	0.001
0.001	0.951	0.001	0.047
0.997	0.001	0.001	0.001
>GAAGGTCAGGAAGCCCTT	19-GAAGGTCAGGAAGCCCTT	15.194463	-35.489830	0	T:7.0(0.70%),B:0.7(0.00%),P:1e-15	Tpos:82.0,Tstd:55.1,Bpos:175.0,Bstd:0.0,StrandBias:-1.3,Multiplicity:1.00
0.001	0.001	0.997	0.001
0.839	0.159	0.001	0.001
0.997	0.001	0.001	0.001
0.001	0.159	0.820	0.020
0.001	0.001	0.839	0.159
0.160	0.160	0.160	0.520
0.001	0.839	0.159	0.001
0.997	0.001	0.001	0.001
0.001	0.001	0.839	0.159
0.339	0.001	0.659	0.001
0.520	0.160	0.160	0.160
0.820	0.159	0.001	0.020
0.001	0.001	0.997	0.001
0.160	0.500	0.160	0.180
0.001	0.679	0.001	0.319
0.001	0.997	0.001	0.001
0.001	0.001	0.001	0.997
0.001	0.001	0.159	0.839
>KAMSARTKASTWASAMTR	20-KAMSARTKASTWASAMTR	16.564274	-29.691102	0	T:6.0(0.60%),B:0.0(0.00%),P:1e-12	Tpos:89.5,Tstd:47.9,Bpos:0.0,Bstd:0.0,StrandBias:-1.2,Multiplicity:1.67
0.001	0.001	0.464	0.534
0.997	0.001	0.001	0.001
0.442	0.442	0.001	0.114
0.001	0.534	0.464	0.001
0.997	0.001	0.001	0.001
0.534	0.001	0.464	0.001
0.001	0.001	0.001	0.997
0.001	0.001	0.556	0.442
0.997	0.001	0.001	0.001
0.001	0.442	0.556	0.001
0.001	0.001	0.001	0.997
0.442	0.001	0.001	0.556
0.997	0.001	0.001	0.001
0.001	0.556	0.442	0.001
0.908	0.001	0.001	0.090
0.534	0.464	0.001	0.001
0.001	0.001	0.090	0.908
0.442	0.001	0.556	0.001
>SCAKCMAGATAYAAASAR	21-SCAKCMAGATAYAAASAR	14.290228	-29.691102	0	T:6.0(0.60%),B:0.0(0.00%),P:1e-12	Tpos:95.7,Tstd:80.7,Bpos:0.0,Bstd:0.0,StrandBias:0.0,Multiplicity:1.00
0.001	0.534	0.442	0.023
0.001	0.976	0.022	0.001
0.997	0.001	0.001	0.001
0.001	0.001	0.442	0.556
0.001	0.997	0.001	0.001
0.556	0.442	0.001	0.001
0.997	0.001	0.001	0.001
0.001	0.001	0.976	0.022
0.997	0.001	0.001	0.001
0.001	0.022	0.001	0.976
0.997	0.001	0.001	0.001
0.001	0.533	0.001	0.465
0.997	0.001	0.001	0.001
0.997	0.001	0.001	0.001
0.976	0.001	0.001	0.022
0.001	0.442	0.556	0.001
0.997	0.001	0.001	0.001
0.556	0.001	0.442	0.001
>CTCCCCTCTGCABTGTCA	22-CTCCCCTCTGCABTGTCA	15.259762	-25.550404	0	T:6.0(0.60%),B:2.2(0.00%),P:1e-11	Tpos:79.7,Tstd:63.9,Bpos:31.4,Bstd:28.1,StrandBias:0.0,Multiplicity:1.00
0.019	0.979	0.001	0.001
0.001	0.019	0.001	0.979
0.001	0.672	0.001	0.326
0.307	0.673	0.001	0.019
0.306	0.692	0.001	0.001
0.001	0.997	0.001	0.001
0.001	0.001	0.001	0.997
0.001	0.997	0.001	0.001
0.326	0.001	0.001	0.672
0.001	0.001	0.692	0.306
0.001	0.997	0.001	0.001
0.672	0.001	0.001	0.326
0.001	0.307	0.386	0.307
0.001	0.001	0.001	0.997
0.001	0.001	0.692	0.306
0.001	0.001	0.001	0.997
0.306	0.692	0.001	0.001
0.613	0.385	0.001	0.001
>TYCARKGTMTGTRTTTGT	23-TYCARKGTMTGTRTTTGT	15.337028	-24.047403	0	T:5.0(0.50%),B:0.0(0.00%),P:1e-10	Tpos:77.4,Tstd:23.3,Bpos:0.0,Bstd:0.0,StrandBias:2.0,Multiplicity:1.00
0.028	0.001	0.001	0.970
0.001	0.556	0.001	0.442
0.001	0.997	0.001	0.001
0.997	0.001	0.001	0.001
0.556	0.001	0.442	0.001
0.001	0.114	0.442	0.442
0.001	0.001	0.997	0.001
0.028	0.001	0.057	0.914
0.556	0.442	0.001	0.001
0.001	0.001	0.001	0.997
0.001	0.001	0.997	0.001
0.001	0.001	0.001	0.997
0.442	0.001	0.556	0.001
0.001	0.001	0.001	0.997
0.001	0.001	0.001	0.997
0.001	0.001	0.001	0.997
0.001	0.001	0.884	0.114
0.001	0.001	0.001	0.997
>AACAGAACACTAACATAA	24-AACAGAACACTAACATAA	9.353309	-15.831235	0	T:4.0(0.40%),B:2.2(0.00%),P:1e-6	Tpos:153.7,Tstd:44.8,Bpos:82.0,Bstd:46.3,StrandBias:1.3,Multiplicity:1.00
0.997	0.001	0.001	0.001
0.815	0.183	0.001	0.001
0.001	0.815	0.001	0.183
0.997	0.001	0.001	0.001
0.001	0.001	0.997	0.001
0.794	0.007	0.001	0.198
0.794	0.204	0.001	0.001
0.007	0.801	0.001	0.191
0.997	0.001	0.001	0.001
0.006	0.992	0.001	0.001
0.001	0.001	0.001	0.997
0.997	0.001	0.001	0.001
0.800	0.001	0.198	0.001
0.001	0.800	0.001	0.198
0.794	0.204	0.001	0.001
0.001	0.001	0.001	0.997
0.997	0.001	0.001	0.001
0.808	0.190	0.001	0.001
>TTTTTTTTTTTTTTTTTT	25-TTTTTTTTTTTTTTTTTT	20.430598	-5.020327	0	T:11.0(1.10%),B:211.4(0.45%),P:1e-2	Tpos:51.8,Tstd:62.6,Bpos:99.1,Bstd:62.8,StrandBias:-1.1,Multiplicity:1.00
0.035	0.274	0.021	0.670
0.001	0.224	0.001	0.774
0.001	0.126	0.001	0.872
0.001	0.088	0.001	0.910
0.001	0.100	0.001	0.898
0.001	0.056	0.001	0.942
0.001	0.033	0.001	0.965
0.001	0.001	0.001	0.997
0.001	0.044	0.001	0.954
0.001	0.154	0.001	0.844
0.001	0.181	0.001	0.817
0.001	0.109	0.001	0.889
0.001	0.001	0.001	0.997
0.001	0.113	0.001	0.885
0.001	0.196	0.001	0.802
0.001	0.275	0.001	0.723
0.027	0.323	0.001	0.649
0.001	0.362	0.060	0.577
>NNNNNRRNATBCCWGGAATG	1-NNNNNRRNATBCCWGGAATG	8.202598	-1388.337597	0	T:624.0(62.40%),B:1804.8(3.85%),P:1e-602	Tpos:100.7,Tstd:27.0,Bpos:100.1,Bstd:64.1,StrandBias:-0.1,Multiplicity:1.18
0.235	0.265	0.271	0.229
0.239	0.265	0.261	0.235
0.223	0.282	0.267	0.229
0.205	0.288	0.301	0.205
0.292	0.214	0.197	0.297
0.284	0.197	0.354	0.165
0.299	0.165	0.377	0.159
0.311	0.299	0.197	0.193
0.464	0.205	0.167	0.163
0.197	0.169	0.193	0.441
0.089	0.231	0.329	0.352
0.044	0.525	0.284	0.147
0.030	0.773	0.047	0.150
0.422	0.002	0.019	0.557
0.067	0.001	0.931	0.001
0.001	0.001	0.997	0.001
0.907	0.034	0.019	0.040
0.997	0.001	0.001	0.001
0.001	0.001	0.001	0.997
0.001	0.001	0.722	0.276
>NNVVNDBBNNAGGAATGTBN	2-NNVVNDBBNNAGGAATGTBN	7.567736	-890.238371	0	T:571.0(57.10%),B:3158.8(6.75%),P:1e-386	Tpos:101.6,Tstd:38.3,Bpos:99.1,Bstd:63.5,StrandBias:0.3,Multiplicity:1.18
0.219	0.252	0.281	0.248
0.300	0.233	0.237	0.230
0.319	0.215	0.300	0.167
0.289	0.193	0.337	0.181
0.282	0.218	0.233	0.267
0.322	0.144	0.311	0.222
0.189	0.226	0.237	0.348
0.141	0.300	0.293	0.267
0.193	0.337	0.211	0.259
0.233	0.293	0.285	0.189
0.600	0.129	0.270	0.001
0.370	0.001	0.626	0.003
0.077	0.044	0.878	0.001
0.958	0.040	0.001	0.001
0.997	0.001	0.001	0.001
0.001	0.001	0.001	0.997
0.001	0.001	0.706	0.292
0.092	0.377	0.001	0.530
0.167	0.281	0.326	0.226
0.281	0.200	0.259	0.259
>CACTGTAGGACATGGAATAT	3-CACTGTAGGACATGGAATAT	14.780406	-147.397453	0	T:24.0(2.40%),B:0.0(0.00%),P:1e-64	Tpos:105.0,Tstd:53.0,Bpos:0.0,Bstd:0.0,StrandBias:-0.6,Multiplicity:3.62
0.345	0.653	0.001	0.001
0.997	0.001	0.001	0.001
0.001	0.980	0.001	0.018
0.001	0.001	0.001	0.997
0.037	0.001	0.925	0.037
0.403	0.001	0.001	0.595
0.980	0.001	0.001	0.018
0.366	0.001	0.632	0.001
0.366	0.001	0.632	0.001
0.692	0.001	0.001	0.306
0.001	0.943	0.038	0.018
0.518	0.258	0.134	0.090
0.018	0.230	0.001	0.751
0.001	0.001	0.997	0.001
0.132	0.001	0.866	0.001
0.997	0.001	0.001	0.001
0.997	0.001	0.001	0.001
0.347	0.001	0.001	0.651
0.997	0.001	0.001	0.001
0.001	0.001	0.001	0.997
>TTGARGACKTGAAAAATGAC	4-TTGARGACKTGAAAAATGAC	14.470554	-140.349678	0	T:23.0(2.30%),B:0.0(0.00%),P:1e-60	Tpos:95.1,Tstd:62.6,Bpos:0.0,Bstd:0.0,StrandBias:-0.1,Multiplicity:1.21
0.197	0.049	0.099	0.655
0.049	0.006	0.148	0.797
0.099	0.049	0.600	0.252
0.803	0.098	0.098	0.001
0.395	0.056	0.450	0.099
0.247	0.001	0.555	0.197
0.797	0.055	0.099	0.049
0.098	0.852	0.001	0.049
0.246	0.001	0.351	0.402
0.098	0.001	0.055	0.846
0.001	0.001	0.900	0.098
0.704	0.001	0.197	0.098
0.802	0.049	0.148	0.001
0.753	0.049	0.099	0.099
0.649	0.049	0.001	0.301
0.997	0.001	0.001	0.001
0.049	0.001	0.098	0.852
0.001	0.049	0.846	0.104
0.594	0.006	0.351	0.049
0.099	0.555	0.247	0.099
>AAAACTGAWAAWSRYRGAAA	5-AAAACTGAWAAWSRYRGAAA	9.397453	-140.349678	0	T:23.0(2.30%),B:1.0(0.00%),P:1e-60	Tpos:80.2,Tstd:45.6,Bpos:62.2,Bstd:12.6,StrandBias:-1.5,Multiplicity:1.46
0.997	0.001	0.001	0.001
0.997	0.001	0.001	0.001
0.997	0.001	0.001	0.001
0.977	0.011	0.001	0.011
0.023	0.965	0.011	0.001
0.001	0.001	0.001	0.997
0.001	0.001	0.997	0.001
0.997	0.001	0.001	0.001
0.556	0.001	0.001	0.442
0.988	0.010	0.001	0.001
0.997	0.001	0.001	0.001
0.442	0.001	0.001	0.556
0.001	0.556	0.442	0.001
0.556	0.001	0.442	0.001
0.011	0.523	0.001	0.465
0.454	0.001	0.534	0.011
0.001	0.001	0.997	0.001
0.988	0.001	0.001	0.010
0.997	0.001	0.001	0.001
0.988	0.001	0.010	0.001
>CTKGAWATTTKAGAAATKTC	6-CTKGAWATTTKAGAAATKTC	11.548232	-137.235463	0	T:28.0(2.80%),B:4.5(0.01%),P:1e-59	Tpos:93.4,Tstd:48.0,Bpos:129.3,Bstd:34.7,StrandBias:0.8,Multiplicity:1.08
0.010	0.706	0.001	0.283
0.235	0.001	0.060	0.704
0.001	0.001	0.517	0.481
0.283	0.235	0.482	0.001
0.716	0.001	0.282	0.001
0.529	0.001	0.001	0.469
0.997	0.001	0.001	0.001
0.247	0.283	0.001	0.469
0.245	0.001	0.001	0.753
0.001	0.234	0.001	0.764
0.010	0.001	0.520	0.469
0.764	0.001	0.001	0.234
0.001	0.001	0.997	0.001
0.764	0.001	0.001	0.234
0.997	0.001	0.001	0.001
0.997	0.001	0.001	0.001
0.001	0.234	0.001	0.764
0.001	0.001	0.481	0.517
0.048	0.247	0.001	0.704
0.294	0.470	0.001	0.235
>GAATYTGACYTTGGGCTAGG	7-GAATYTGACYTTGGGCTAGG	14.921427	-111.850622	0	T:21.0(2.10%),B:2.7(0.01%),P:1e-48	Tpos:112.9,Tstd:36.6,Bpos:86.1,Bstd:33.4,StrandBias:-0.1,Multiplicity:1.48
0.001	0.001	0.997	0.001
0.997	0.001	0.001	0.001
0.832	0.001	0.085	0.082
0.162	0.001	0.001	0.836
0.001	0.424	0.081	0.494
0.082	0.001	0.001	0.916
0.009	0.081	0.909	0.001
0.917	0.001	0.001	0.081
0.001	0.989	0.001	0.009
0.246	0.332	0.001	0.421
0.001	0.083	0.081	0.835
0.001	0.081	0.083	0.835
0.339	0.001	0.659	0.001
0.001	0.001	0.997	0.001
0.001	0.166	0.670	0.163
0.001	0.832	0.086	0.081
0.166	0.331	0.001	0.502
0.749	0.083	0.086	0.082
0.165	0.082	0.665	0.088
0.253	0.001	0.745	0.001
>CTGCCAGAGCTTACTTCCTT	8-CTGCCAGAGCTTACTTCCTT	15.964075	-70.233897	0	T:16.0(1.60%),B:4.3(0.01%),P:1e-30	Tpos:84.5,Tstd:35.7,Bpos:82.8,Bstd:59.9,StrandBias:-0.7,Multiplicity:1.20
0.001	0.981	0.009	0.009
0.209	0.001	0.001	0.789
0.001	0.001	0.799	0.199
0.001	0.990	0.001	0.008
0.001	0.799	0.001	0.199
0.590	0.190	0.001	0.219
0.190	0.001	0.619	0.190
0.809	0.001	0.001	0.189
0.199	0.190	0.610	0.001
0.008	0.990	0.001	0.001
0.009	0.399	0.001	0.591
0.001	0.389	0.001	0.609
0.997	0.001	0.001	0.001
0.001	0.809	0.189	0.001
0.001	0.199	0.001	0.799
0.001	0.001	0.001	0.997
0.190	0.619	0.001	0.190
0.001	0.997	0.001	0.001
0.001	0.190	0.009	0.800
0.190	0.001	0.018	0.791
>TGGGAATGCASMGGGAATGC	9-TGGGAATGCASMGGGAATGC	14.026612	-63.662421	0	T:13.0(1.30%),B:2.2(0.00%),P:1e-27	Tpos:111.0,Tstd:45.5,Bpos:177.2,Bstd:18.3,StrandBias:1.3,Multiplicity:1.62
0.001	0.001	0.280	0.718
0.001	0.070	0.640	0.289
0.070	0.001	0.859	0.070
0.069	0.001	0.929	0.001
0.720	0.070	0.070	0.140
0.929	0.001	0.001	0.069
0.001	0.069	0.001	0.929
0.001	0.070	0.570	0.359
0.001	0.715	0.210	0.074
0.645	0.211	0.070	0.074
0.070	0.495	0.434	0.001
0.421	0.281	0.070	0.229
0.220	0.140	0.500	0.140
0.149	0.001	0.500	0.350
0.069	0.001	0.929	0.001
0.789	0.209	0.001	0.001
0.929	0.069	0.001	0.001
0.001	0.001	0.069	0.929
0.001	0.001	0.859	0.139
0.001	0.772	0.070	0.157
>CARSCCYSYAGCCTSAGGCT	10-CARSCCYSYAGCCTSAGGCT	12.635785	-49.936577	0	T:24.0(2.40%),B:61.8(0.13%),P:1e-21	Tpos:94.3,Tstd:50.3,Bpos:94.8,Bstd:60.7,StrandBias:0.2,Multiplicity:1.29
0.036	0.795	0.133	0.036
0.782	0.216	0.001	0.001
0.288	0.001	0.435	0.276
0.036	0.361	0.422	0.182
0.216	0.603	0.001	0.180
0.255	0.564	0.001	0.180
0.072	0.359	0.108	0.461
0.072	0.400	0.348	0.180
0.108	0.352	0.179	0.361
0.675	0.001	0.144	0.180
0.001	0.001	0.997	0.001
0.001	0.891	0.107	0.001
0.001	0.997	0.001	0.001
0.107	0.001	0.001	0.891
0.072	0.399	0.457	0.072
0.677	0.036	0.286	0.001
0.143	0.001	0.820	0.036
0.001	0.022	0.976	0.001
0.001	0.927	0.001	0.071
0.361	0.036	0.001	0.602
>GATGTGTKTCWMAGTGTTAC	11-GATGTGTKTCWMAGTGTTAC	14.033463	-47.474923	0	T:9.0(0.90%),B:1.7(0.00%),P:1e-20	Tpos:75.7,Tstd:47.0,Bpos:160.2,Bstd:20.5,StrandBias:-0.3,Multiplicity:1.22
0.335	0.005	0.490	0.170
0.834	0.001	0.001	0.164
0.319	0.001	0.159	0.521
0.319	0.001	0.679	0.001
0.165	0.001	0.159	0.675
0.001	0.001	0.997	0.001
0.001	0.001	0.329	0.669
0.165	0.160	0.325	0.351
0.001	0.001	0.004	0.994
0.160	0.495	0.160	0.186
0.489	0.001	0.001	0.509
0.478	0.520	0.001	0.001
0.834	0.164	0.001	0.001
0.165	0.001	0.669	0.165
0.001	0.001	0.319	0.679
0.001	0.005	0.675	0.319
0.164	0.001	0.001	0.834
0.190	0.001	0.159	0.650
0.521	0.159	0.319	0.001
0.001	0.997	0.001	0.001
>RATTCAGTGACATTCRGAAW	12-RATTCAGTGACATTCRGAAW	15.409105	-46.720905	0	T:10.0(1.00%),B:2.3(0.00%),P:1e-20	Tpos:120.7,Tstd:31.2,Bpos:147.0,Bstd:0.0,StrandBias:0.0,Multiplicity:1.00
0.332	0.172	0.332	0.163
0.520	0.160	0.160	0.160
0.001	0.172	0.159	0.668
0.001	0.001	0.171	0.827
0.001	0.668	0.159	0.172
0.997	0.001	0.001	0.001
0.001	0.001	0.997	0.001
0.001	0.001	0.001	0.997
0.159	0.001	0.839	0.001
0.997	0.001	0.001	0.001
0.001	0.986	0.012	0.001
0.679	0.319	0.001	0.001
0.001	0.159	0.159	0.681
0.001	0.012	0.345	0.642
0.001	0.681	0.159	0.159
0.348	0.172	0.320	0.160
0.185	0.012	0.802	0.001
0.986	0.001	0.012	0.001
0.839	0.001	0.001	0.159
0.479	0.001	0.038	0.482
>ACCACACTGTAGAACAKKGT	13-ACCACACTGTAGAACAKKGT	12.568824	-37.615629	0	T:10.0(1.00%),B:5.5(0.01%),P:1e-16	Tpos:102.2,Tstd:50.3,Bpos:105.7,Bstd:63.8,StrandBias:-0.4,Multiplicity:1.40
0.681	0.317	0.001	0.001
0.001	0.681	0.317	0.001
0.127	0.554	0.318	0.001
0.575	0.001	0.318	0.106
0.127	0.766	0.106	0.001
0.997	0.001	0.001	0.001
0.021	0.660	0.001	0.318
0.001	0.105	0.001	0.893
0.001	0.105	0.893	0.001
0.106	0.106	0.001	0.787
0.765	0.001	0.233	0.001
0.105	0.001	0.893	0.001
0.787	0.001	0.211	0.001
0.997	0.001	0.001	0.001
0.001	0.681	0.106	0.212
0.787	0.106	0.001	0.106
0.106	0.001	0.448	0.445
0.233	0.001	0.339	0.426
0.001	0.001	0.768	0.230
0.001	0.211	0.001	0.787
>ACAGCCTVAGGDTAGAGTCC	14-ACAGCCTVAGGDTAGAGTCC	16.763385	-35.896658	0	T:8.0(0.80%),B:2.1(0.00%),P:1e-15	Tpos:102.8,Tstd:56.5,Bpos:0.0,Bstd:0.0,StrandBias:0.0,Multiplicity:1.00
0.692	0.001	0.001	0.306
0.001	0.692	0.306	0.001
0.692	0.001	0.001	0.306
0.001	0.001	0.997	0.001
0.001	0.997	0.001	0.001
0.001	0.997	0.001	0.001
0.306	0.001	0.001	0.692
0.359	0.307	0.333	0.001
0.997	0.001	0.001	0.001
0.385	0.001	0.613	0.001
0.001	0.001	0.997	0.001
0.307	0.001	0.307	0.386
0.306	0.001	0.001	0.692
0.692	0.001	0.306	0.001
0.001	0.001	0.692	0.306
0.997	0.001	0.001	0.001
0.001	0.001	0.946	0.052
0.001	0.306	0.001	0.692
0.001	0.692	0.001	0.306
0.001	0.613	0.001	0.385
>GGAAGGACAGGMAGCCCCAG	15-GGAAGGACAGGMAGCCCCAG	15.506154	-35.489830	0	T:7.0(0.70%),B:1.9(0.00%),P:1e-15	Tpos:58.0,Tstd:29.1,Bpos:85.0,Bstd:45.7,StrandBias:-0.4,Multiplicity:1.00
0.097	0.097	0.805	0.001
0.291	0.001	0.707	0.001
0.609	0.001	0.389	0.001
0.805	0.097	0.097	0.001
0.195	0.001	0.707	0.097
0.001	0.001	0.804	0.194
0.487	0.292	0.097	0.123
0.097	0.805	0.097	0.001
0.804	0.001	0.001	0.194
0.097	0.001	0.880	0.022
0.099	0.001	0.899	0.001
0.512	0.390	0.097	0.001
0.997	0.001	0.001	0.001
0.020	0.097	0.786	0.097
0.001	0.997	0.001	0.001
0.001	0.609	0.001	0.389
0.194	0.804	0.001	0.001
0.195	0.584	0.001	0.220
0.585	0.001	0.097	0.317
0.001	0.097	0.901	0.001
>GCCATDGTWAATTCCTGTGT	16-GCCATDGTWAATTCCTGTGT	11.045240	-25.699735	0	T:15.0(1.50%),B:59.5(0.13%),P:1e-11	Tpos:115.2,Tstd:61.7,Bpos:99.0,Bstd:64.5,StrandBias:0.0,Multiplicity:1.07
0.131	0.001	0.803	0.065
0.131	0.664	0.139	0.066
0.131	0.737	0.066	0.066
0.541	0.131	0.197	0.131
0.262	0.131	0.066	0.541
0.262	0.066	0.262	0.410
0.066	0.197	0.671	0.066
0.073	0.197	0.066	0.664
0.475	0.001	0.131	0.393
0.672	0.196	0.131	0.001
0.869	0.001	0.065	0.065
0.131	0.131	0.131	0.607
0.066	0.131	0.008	0.795
0.131	0.803	0.001	0.065
0.065	0.927	0.001	0.007
0.131	0.131	0.066	0.672
0.066	0.066	0.802	0.066
0.001	0.007	0.001	0.991
0.081	0.131	0.591	0.197
0.008	0.066	0.131	0.795
>CCYAGTCRACTAGTCKACYA	17-CCYAGTCRACTAGTCKACYA	12.007418	-24.047403	0	T:5.0(0.50%),B:1.5(0.00%),P:1e-10	Tpos:137.8,Tstd:63.3,Bpos:114.0,Bstd:12.3,StrandBias:0.3,Multiplicity:1.00
0.413	0.585	0.001	0.001
0.236	0.762	0.001	0.001
0.001	0.425	0.001	0.573
0.997	0.001	0.001	0.001
0.001	0.001	0.809	0.189
0.001	0.015	0.001	0.983
0.380	0.604	0.001	0.015
0.395	0.015	0.380	0.209
0.809	0.001	0.189	0.001
0.205	0.793	0.001	0.001
0.001	0.001	0.001	0.997
0.619	0.379	0.001	0.001
0.220	0.190	0.589	0.001
0.382	0.015	0.001	0.602
0.379	0.619	0.001	0.001
0.205	0.001	0.380	0.414
0.794	0.001	0.204	0.001
0.220	0.588	0.191	0.001
0.001	0.380	0.220	0.399
0.763	0.001	0.235	0.001
>GGGGGYGGGGGCGGGGGCGG	18-GGGGGYGGGGGCGGGGGCGG	25.498176	-8.401221	0	T:2.0(0.20%),B:1.1(0.00%),P:1e-3	Tpos:136.2,Tstd:55.9,Bpos:127.0,Bstd:25.7,StrandBias:2.0,Multiplicity:1.00
0.001	0.001	0.997	0.001
0.001	0.001	0.997	0.001
0.001	0.001	0.997	0.001
0.001	0.001	0.997	0.001
0.001	0.001	0.997	0.001
0.001	0.520	0.001	0.478
0.001	0.001	0.997	0.001
0.001	0.001	0.997	0.001
0.001	0.001	0.997	0.001
0.001	0.001	0.997	0.001
0.001	0.001	0.997	0.001
0.001	0.760	0.001	0.238
0.001	0.001	0.997	0.001
0.001	0.001	0.997	0.001
0.001	0.001	0.997	0.001
0.001	0.001	0.997	0.001
0.001	0.001	0.997	0.001
0.001	0.997	0.001	0.001
0.001	0.001	0.997	0.001
0.001	0.001	0.997	0.001
>SAAAAAAAAAAAARRMGSKG	19-SAAAAAAAAAAAARRMGSKG	22.923412	-8.401221	0	T:2.0(0.20%),B:0.0(0.00%),P:1e-3	Tpos:99.5,Tstd:83.5,Bpos:0.0,Bstd:0.0,StrandBias:0.0,Multiplicity:1.00
0.114	0.442	0.442	0.001
0.997	0.001	0.001	0.001
0.997	0.001	0.001	0.001
0.997	0.001	0.001	0.001
0.997	0.001	0.001	0.001
0.997	0.001	0.001	0.001
0.997	0.001	0.001	0.001
0.997	0.001	0.001	0.001
0.997	0.001	0.001	0.001
0.997	0.001	0.001	0.001
0.908	0.001	0.090	0.001
0.903	0.001	0.095	0.001
0.898	0.001	0.100	0.001
0.451	0.001	0.547	0.001
0.446	0.001	0.552	0.001
0.442	0.442	0.114	0.001
0.001	0.001	0.997	0.001
0.001	0.442	0.556	0.001
0.001	0.001	0.556	0.442
0.001	0.001	0.997	0.001
>AAAAAAAAAAAAAAAAARRA	20-AAAAAAAAAAAAAAAAARRA	20.332876	-4.171395	0	T:11.0(1.10%),B:239.4(0.51%),P:1e-1	Tpos:51.0,Tstd:60.3,Bpos:97.4,Bstd:63.5,StrandBias:1.4,Multiplicity:1.00
0.889	0.001	0.101	0.009
0.639	0.018	0.302	0.041
0.946	0.001	0.052	0.001
0.897	0.001	0.101	0.001
0.847	0.001	0.151	0.001
0.997	0.001	0.001	0.001
0.997	0.001	0.001	0.001
0.958	0.001	0.040	0.001
0.697	0.001	0.301	0.001
0.997	0.001	0.001	0.001
