>ATBCCWGGAATGY	1-ATBCCWGGAATGY	8.758918	-1604.001187	0	T:605.0(60.50%),B:1114.6(2.38%),P:1e-696	Tpos:101.3,Tstd:26.5,Bpos:98.4,Bstd:63.9,StrandBias:-0.1,Multiplicity:1.21
0.446	0.189	0.181	0.184
0.178	0.185	0.194	0.443
0.123	0.254	0.321	0.302
0.038	0.540	0.262	0.160
0.059	0.660	0.001	0.280
0.496	0.004	0.004	0.496
0.099	0.001	0.899	0.001
0.001	0.001	0.997	0.001
0.793	0.079	0.037	0.091
0.997	0.001	0.001	0.001
0.001	0.001	0.001	0.997
0.001	0.050	0.560	0.389
0.017	0.467	0.021	0.495
>NVRMATTCCWKNN	2-NVRMATTCCWKNN	6.826503	-1125.129186	0	T:787.0(78.70%),B:6053.4(12.93%),P:1e-488	Tpos:100.5,Tstd:41.8,Bpos:101.0,Bstd:66.6,StrandBias:-0.3,Multiplicity:1.23
0.274	0.283	0.183	0.261
0.308	0.356	0.335	0.001
0.474	0.030	0.365	0.130
0.360	0.430	0.208	0.001
0.997	0.001	0.001	0.001
0.001	0.001	0.055	0.943
0.221	0.001	0.039	0.739
0.001	0.997	0.001	0.001
0.001	0.712	0.001	0.286
0.278	0.196	0.113	0.413
0.196	0.174	0.361	0.270
0.239	0.222	0.309	0.230
0.252	0.287	0.257	0.204
>GAATGTSAGGAAT	3-GAATGTSAGGAAT	8.368090	-676.355512	0	T:321.0(32.10%),B:847.3(1.81%),P:1e-293	Tpos:103.4,Tstd:30.2,Bpos:102.0,Bstd:66.5,StrandBias:0.5,Multiplicity:1.11
0.042	0.068	0.889	0.001
0.721	0.085	0.049	0.145
0.997	0.001	0.001	0.001
0.001	0.001	0.008	0.990
0.001	0.154	0.736	0.109
0.117	0.355	0.001	0.527
0.180	0.282	0.380	0.159
0.531	0.094	0.221	0.154
0.332	0.001	0.556	0.111
0.001	0.175	0.823	0.001
0.555	0.240	0.017	0.188
0.900	0.051	0.034	0.015
0.001	0.059	0.108	0.832
>DNTTCCTGGAAWG	4-DNTTCCTGGAAWG	8.455891	-210.504271	0	T:133.0(13.30%),B:559.2(1.19%),P:1e-91	Tpos:107.9,Tstd:52.5,Bpos:97.6,Bstd:66.9,StrandBias:0.6,Multiplicity:1.03
0.354	0.202	0.205	0.239
0.294	0.265	0.206	0.235
0.151	0.083	0.233	0.533
0.029	0.101	0.311	0.559
0.047	0.617	0.148	0.188
0.040	0.841	0.002	0.117
0.080	0.015	0.021	0.884
0.106	0.002	0.807	0.085
0.151	0.107	0.683	0.059
0.513	0.084	0.260	0.143
0.465	0.135	0.270	0.130
0.338	0.001	0.243	0.419
0.083	0.105	0.707	0.105
>GVTGASTCABCHH	5-GVTGASTCABCHH	6.837832	-166.313731	0	T:158.0(15.80%),B:1212.2(2.59%),P:1e-72	Tpos:106.1,Tstd:48.7,Bpos:100.0,Bstd:61.7,StrandBias:-0.0,Multiplicity:1.11
0.215	0.206	0.373	0.206
0.343	0.318	0.320	0.019
0.001	0.001	0.001	0.997
0.001	0.001	0.997	0.001
0.997	0.001	0.001	0.001
0.001	0.521	0.477	0.001
0.001	0.001	0.001	0.997
0.001	0.997	0.001	0.001
0.997	0.001	0.001	0.001
0.009	0.319	0.288	0.383
0.206	0.409	0.160	0.225
0.296	0.330	0.159	0.215
0.348	0.347	0.081	0.225
>DSCCTSAGGCHWB	6-DSCCTSAGGCHWB	6.258702	-148.626536	0	T:457.0(45.70%),B:10039.9(21.44%),P:1e-64	Tpos:99.4,Tstd:53.2,Bpos:100.4,Bstd:61.3,StrandBias:-0.0,Multiplicity:1.31
0.230	0.055	0.366	0.349
0.019	0.358	0.503	0.120
0.001	0.997	0.001	0.001
0.001	0.851	0.001	0.147
0.204	0.219	0.001	0.576
0.179	0.311	0.429	0.081
0.613	0.001	0.336	0.050
0.169	0.001	0.829	0.001
0.001	0.001	0.997	0.001
0.134	0.535	0.257	0.074
0.274	0.355	0.112	0.259
0.384	0.128	0.189	0.298
0.151	0.225	0.320	0.303
>AATATGGCGAGAA	7-AATATGGCGAGAA	12.800082	-147.397453	0	T:24.0(2.40%),B:1.6(0.00%),P:1e-64	Tpos:95.0,Tstd:50.7,Bpos:38.9,Bstd:1.4,StrandBias:-0.9,Multiplicity:2.12
0.997	0.001	0.001	0.001
0.924	0.074	0.001	0.001
0.001	0.001	0.074	0.924
0.997	0.001	0.001	0.001
0.074	0.001	0.001	0.924
0.151	0.001	0.773	0.075
0.075	0.001	0.849	0.075
0.001	0.772	0.001	0.226
0.311	0.075	0.539	0.075
0.997	0.001	0.001	0.001
0.075	0.151	0.773	0.001
0.619	0.001	0.379	0.001
0.924	0.074	0.001	0.001
>AAWCATGGAAAAT	8-AAWCATGGAAAAT	14.696448	-147.397453	0	T:24.0(2.40%),B:0.4(0.00%),P:1e-64	Tpos:94.4,Tstd:50.8,Bpos:92.0,Bstd:0.0,StrandBias:-0.4,Multiplicity:1.71
0.997	0.001	0.001	0.001
0.997	0.001	0.001	0.001
0.430	0.001	0.001	0.568
0.001	0.629	0.369	0.001
0.629	0.001	0.369	0.001
0.019	0.331	0.019	0.631
0.001	0.001	0.997	0.001
0.001	0.001	0.997	0.001
0.997	0.001	0.001	0.001
0.997	0.001	0.001	0.001
0.997	0.001	0.001	0.001
0.997	0.001	0.001	0.001
0.001	0.001	0.001	0.997
>ACTGTAGGACVTG	9-ACTGTAGGACVTG	12.671642	-133.345482	0	T:22.0(2.20%),B:1.7(0.00%),P:1e-57	Tpos:105.6,Tstd:50.2,Bpos:60.6,Bstd:30.6,StrandBias:-1.0,Multiplicity:1.91
0.997	0.001	0.001	0.001
0.001	0.997	0.001	0.001
0.001	0.001	0.001	0.997
0.047	0.001	0.719	0.233
0.001	0.001	0.001	0.997
0.997	0.001	0.001	0.001
0.001	0.001	0.997	0.001
0.001	0.001	0.997	0.001
0.977	0.001	0.001	0.021
0.001	0.997	0.001	0.001
0.233	0.338	0.324	0.105
0.001	0.001	0.001	0.997
0.001	0.001	0.997	0.001
>ACGTGAAAAATGA	10-ACGTGAAAAATGA	13.832377	-126.386756	0	T:21.0(2.10%),B:0.0(0.00%),P:1e-54	Tpos:109.2,Tstd:61.2,Bpos:0.0,Bstd:0.0,StrandBias:0.1,Multiplicity:1.29
0.997	0.001	0.001	0.001
0.001	0.970	0.028	0.001
0.001	0.001	0.591	0.407
0.001	0.001	0.001	0.997
0.001	0.001	0.997	0.001
0.997	0.001	0.001	0.001
0.997	0.001	0.001	0.001
0.970	0.028	0.001	0.001
0.997	0.001	0.001	0.001
0.970	0.001	0.001	0.028
0.001	0.001	0.001	0.997
0.001	0.001	0.997	0.001
0.997	0.001	0.001	0.001
>GAAAATCACGGAA	11-GAAAATCACGGAA	15.127448	-111.850622	0	T:21.0(2.10%),B:2.6(0.01%),P:1e-48	Tpos:85.0,Tstd:52.6,Bpos:0.0,Bstd:0.0,StrandBias:-1.0,Multiplicity:1.00
0.001	0.001	0.997	0.001
0.997	0.001	0.001	0.001
0.997	0.001	0.001	0.001
0.860	0.138	0.001	0.001
0.997	0.001	0.001	0.001
0.001	0.001	0.001	0.997
0.001	0.997	0.001	0.001
0.997	0.001	0.001	0.001
0.303	0.557	0.001	0.139
0.138	0.001	0.860	0.001
0.001	0.001	0.997	0.001
0.860	0.001	0.001	0.138
0.997	0.001	0.001	0.001
>GGCAAGAATTTGA	12-GGCAAGAATTTGA	14.683409	-98.017754	0	T:22.0(2.20%),B:5.3(0.01%),P:1e-42	Tpos:115.5,Tstd:23.5,Bpos:133.1,Bstd:33.8,StrandBias:0.3,Multiplicity:1.10
0.234	0.001	0.764	0.001
0.001	0.001	0.997	0.001
0.019	0.979	0.001	0.001
0.997	0.001	0.001	0.001
0.705	0.001	0.293	0.001
0.001	0.001	0.997	0.001
0.979	0.001	0.019	0.001
0.983	0.001	0.015	0.001
0.235	0.001	0.001	0.763
0.001	0.295	0.235	0.469
0.001	0.001	0.001	0.997
0.239	0.001	0.759	0.001
0.997	0.001	0.001	0.001
>ATTGGGCTAGGAC	13-ATTGGGCTAGGAC	13.057639	-92.355280	0	T:16.0(1.60%),B:1.9(0.00%),P:1e-40	Tpos:103.8,Tstd:44.9,Bpos:92.3,Bstd:22.6,StrandBias:0.2,Multiplicity:1.19
0.664	0.107	0.001	0.228
0.001	0.001	0.001	0.997
0.105	0.001	0.001	0.893
0.001	0.001	0.893	0.105
0.001	0.001	0.893	0.105
0.001	0.336	0.557	0.106
0.001	0.997	0.001	0.001
0.231	0.107	0.001	0.661
0.893	0.001	0.001	0.105
0.001	0.001	0.893	0.105
0.001	0.001	0.997	0.001
0.787	0.106	0.001	0.106
0.001	0.891	0.107	0.001
>ACACACTTTAGGA	14-ACACACTTTAGGA	15.466331	-92.355280	0	T:16.0(1.60%),B:1.8(0.00%),P:1e-40	Tpos:77.3,Tstd:47.1,Bpos:171.7,Bstd:3.9,StrandBias:-0.4,Multiplicity:1.00
0.997	0.001	0.001	0.001
0.001	0.997	0.001	0.001
0.997	0.001	0.001	0.001
0.001	0.832	0.166	0.001
0.997	0.001	0.001	0.001
0.001	0.997	0.001	0.001
0.001	0.001	0.001	0.997
0.001	0.001	0.001	0.997
0.166	0.001	0.001	0.832
0.832	0.001	0.166	0.001
0.166	0.001	0.832	0.001
0.001	0.001	0.832	0.166
0.997	0.001	0.001	0.001
>CGAAATCAGTGAA	15-CGAAATCAGTGAA	13.914357	-85.721082	0	T:15.0(1.50%),B:1.0(0.00%),P:1e-37	Tpos:116.5,Tstd:67.9,Bpos:189.0,Bstd:0.0,StrandBias:-0.2,Multiplicity:1.00
0.001	0.764	0.001	0.234
0.249	0.235	0.515	0.001
0.997	0.001	0.001	0.001
0.997	0.001	0.001	0.001
0.997	0.001	0.001	0.001
0.001	0.001	0.001	0.997
0.001	0.995	0.001	0.003
0.764	0.001	0.001	0.234
0.001	0.295	0.469	0.235
0.001	0.001	0.001	0.997
0.239	0.004	0.756	0.001
0.997	0.001	0.001	0.001
0.997	0.001	0.001	0.001
>GCAGGAATTTGAC	16-GCAGGAATTTGAC	13.299374	-81.155434	0	T:24.0(2.40%),B:17.0(0.04%),P:1e-35	Tpos:85.9,Tstd:70.8,Bpos:82.0,Bstd:51.0,StrandBias:0.4,Multiplicity:1.00
0.001	0.001	0.997	0.001
0.399	0.599	0.001	0.001
0.799	0.001	0.001	0.199
0.001	0.001	0.997	0.001
0.001	0.001	0.997	0.001
0.997	0.001	0.001	0.001
0.599	0.001	0.399	0.001
0.001	0.399	0.001	0.599
0.200	0.200	0.001	0.599
0.001	0.001	0.001	0.997
0.001	0.001	0.997	0.001
0.997	0.001	0.001	0.001
0.001	0.799	0.199	0.001
>TSCCAGSAATGTG	17-TSCCAGSAATGTG	12.688810	-80.013221	0	T:29.0(2.90%),B:36.2(0.08%),P:1e-34	Tpos:111.5,Tstd:48.1,Bpos:77.6,Bstd:52.1,StrandBias:-0.6,Multiplicity:1.00
0.001	0.001	0.149	0.849
0.150	0.398	0.451	0.001
0.001	0.997	0.001	0.001
0.001	0.997	0.001	0.001
0.849	0.001	0.001	0.149
0.001	0.001	0.997	0.001
0.001	0.450	0.548	0.001
0.849	0.001	0.001	0.149
0.752	0.097	0.001	0.150
0.300	0.001	0.001	0.698
0.001	0.001	0.997	0.001
0.001	0.001	0.001	0.997
0.001	0.001	0.997	0.001
>GGSWGGGMTTTRA	18-GGSWGGGMTTTRA	10.390319	-50.648006	0	T:45.0(4.50%),B:315.9(0.67%),P:1e-21	Tpos:106.5,Tstd:57.4,Bpos:107.5,Bstd:58.0,StrandBias:-0.3,Multiplicity:1.04
0.115	0.001	0.883	0.001
0.001	0.004	0.937	0.058
0.001	0.535	0.463	0.001
0.531	0.001	0.001	0.467
0.116	0.001	0.820	0.063
0.001	0.001	0.941	0.057
0.356	0.001	0.642	0.001
0.478	0.464	0.001	0.058
0.174	0.009	0.058	0.759
0.001	0.405	0.001	0.593
0.058	0.058	0.001	0.883
0.535	0.001	0.463	0.001
0.768	0.116	0.058	0.058
>CATCCACTTGACG	19-CATCCACTTGACG	15.370886	-47.474923	0	T:9.0(0.90%),B:1.6(0.00%),P:1e-20	Tpos:97.1,Tstd:68.3,Bpos:135.0,Bstd:0.0,StrandBias:3.0,Multiplicity:1.00
0.001	0.997	0.001	0.001
0.997	0.001	0.001	0.001
0.001	0.001	0.001	0.997
0.001	0.997	0.001	0.001
0.001	0.795	0.102	0.102
0.897	0.001	0.001	0.101
0.001	0.997	0.001	0.001
0.001	0.001	0.001	0.997
0.001	0.001	0.001	0.997
0.001	0.001	0.997	0.001
0.997	0.001	0.001	0.001
0.001	0.795	0.102	0.102
0.001	0.001	0.997	0.001
>AGCCTACTTCCTT	20-AGCCTACTTCCTT	12.298807	-46.882882	0	T:21.0(2.10%),B:46.5(0.10%),P:1e-20	Tpos:93.2,Tstd:38.8,Bpos:104.1,Bstd:55.2,StrandBias:-0.4,Multiplicity:1.37
0.920	0.001	0.078	0.001
0.083	0.160	0.678	0.079
0.001	0.997	0.001	0.001
0.001	0.589	0.001	0.409
0.079	0.294	0.001	0.626
0.997	0.001	0.001	0.001
0.001	0.997	0.001	0.001
0.001	0.078	0.001	0.920
0.001	0.157	0.001	0.841
0.001	0.934	0.001	0.064
0.001	0.940	0.001	0.058
0.001	0.321	0.001	0.677
0.065	0.001	0.158	0.776
>ATTKMWCTAGAGC	21-ATTKMWCTAGAGC	12.218836	-41.423011	0	T:8.0(0.80%),B:1.4(0.00%),P:1e-17	Tpos:97.7,Tstd:47.4,Bpos:101.3,Bstd:10.1,StrandBias:0.4,Multiplicity:1.00
0.997	0.001	0.001	0.001
0.001	0.001	0.001	0.997
0.001	0.001	0.001	0.997
0.001	0.114	0.442	0.442
0.556	0.442	0.001	0.001
0.442	0.001	0.001	0.556
0.001	0.997	0.001	0.001
0.001	0.001	0.001	0.997
0.910	0.001	0.001	0.088
0.001	0.001	0.997	0.001
0.997	0.001	0.001	0.001
0.001	0.001	0.997	0.001
0.001	0.997	0.001	0.001
>TGGAGAGCTTTTG	22-TGGAGAGCTTTTG	15.232588	-31.444265	0	T:9.0(0.90%),B:6.4(0.01%),P:1e-13	Tpos:114.3,Tstd:41.5,Bpos:98.1,Bstd:57.6,StrandBias:-0.3,Multiplicity:1.00
0.001	0.001	0.001	0.997
0.001	0.001	0.997	0.001
0.001	0.001	0.997	0.001
0.997	0.001	0.001	0.001
0.001	0.001	0.997	0.001
0.877	0.001	0.121	0.001
0.121	0.001	0.877	0.001
0.001	0.997	0.001	0.001
0.001	0.001	0.001	0.997
0.001	0.121	0.001	0.877
0.001	0.121	0.001	0.877
0.001	0.001	0.121	0.877
0.001	0.121	0.877	0.001
>TTCTACAGTGTGG	23-TTCTACAGTGTGG	15.997997	-24.047403	0	T:5.0(0.50%),B:0.4(0.00%),P:1e-10	Tpos:112.1,Tstd:51.3,Bpos:151.0,Bstd:0.0,StrandBias:-0.4,Multiplicity:1.40
0.001	0.001	0.001	0.997
0.001	0.001	0.001	0.997
0.001	0.997	0.001	0.001
0.001	0.137	0.001	0.861
0.997	0.001	0.001	0.001
0.001	0.997	0.001	0.001
0.997	0.001	0.001	0.001
0.001	0.001	0.997	0.001
0.001	0.001	0.001	0.997
0.001	0.001	0.997	0.001
0.001	0.001	0.001	0.997
0.001	0.001	0.997	0.001
0.001	0.001	0.997	0.001
>TCAKTGTAACTCA	24-TCAKTGTAACTCA	15.204860	-24.047403	0	T:5.0(0.50%),B:1.6(0.00%),P:1e-10	Tpos:71.3,Tstd:45.5,Bpos:191.0,Bstd:0.0,StrandBias:1.0,Multiplicity:1.80
0.001	0.001	0.001	0.997
0.001	0.997	0.001	0.001
0.997	0.001	0.001	0.001
0.001	0.001	0.452	0.546
0.001	0.001	0.001	0.997
0.001	0.001	0.997	0.001
0.001	0.001	0.001	0.997
0.997	0.001	0.001	0.001
0.997	0.001	0.001	0.001
0.001	0.868	0.130	0.001
0.001	0.001	0.001	0.997
0.001	0.997	0.001	0.001
0.868	0.001	0.001	0.130
>ATTTTTTTTTTTT	25-ATTTTTTTTTTTT	14.095495	-7.040477	0	T:23.0(2.30%),B:511.7(1.09%),P:1e-3	Tpos:66.4,Tstd:71.0,Bpos:98.1,Bstd:66.9,StrandBias:-0.5,Multiplicity:1.00
0.806	0.006	0.001	0.187
0.156	0.001	0.057	0.786
0.001	0.065	0.001	0.933
0.001	0.001	0.001	0.997
0.001	0.001	0.001	0.997
0.001	0.121	0.001	0.877
0.137	0.001	0.001	0.861
0.001	0.001	0.001	0.997
0.001	0.194	0.001	0.804
0.001	0.001	0.001	0.997
0.001	0.001	0.001	0.997
0.001	0.001	0.001	0.997
0.001	0.195	0.001	0.803
