>CWGGAATGY	1-CWGGAATGY	7.437203	-1456.030734	0	T:680.0(68.00%),B:2252.5(4.81%),P:1e-632	Tpos:101.6,Tstd:30.6,Bpos:98.9,Bstd:66.8,StrandBias:-0.0,Multiplicity:1.30
0.074	0.453	0.258	0.215
0.487	0.077	0.065	0.372
0.221	0.014	0.753	0.012
0.131	0.072	0.793	0.004
0.881	0.019	0.004	0.096
0.860	0.003	0.094	0.043
0.082	0.019	0.014	0.885
0.123	0.072	0.554	0.251
0.013	0.526	0.010	0.451
>GGAATGTGG	2-GGAATGTGG	5.801725	-1141.671198	0	T:853.0(85.30%),B:7798.4(16.65%),P:1e-495	Tpos:101.0,Tstd:38.1,Bpos:100.2,Bstd:68.0,StrandBias:0.3,Multiplicity:1.27
0.001	0.001	0.997	0.001
0.001	0.001	0.997	0.001
0.914	0.001	0.001	0.084
0.997	0.001	0.001	0.001
0.001	0.001	0.001	0.997
0.001	0.067	0.792	0.140
0.056	0.324	0.001	0.619
0.154	0.144	0.570	0.132
0.235	0.132	0.508	0.125
>GSWATKYVH	3-GSWATKYVH	4.732363	-696.533301	0	T:745.0(74.50%),B:9298.0(19.86%),P:1e-302	Tpos:101.0,Tstd:46.8,Bpos:100.4,Bstd:65.0,StrandBias:0.0,Multiplicity:1.10
0.278	0.125	0.539	0.058
0.143	0.321	0.382	0.154
0.463	0.045	0.037	0.455
0.997	0.001	0.001	0.001
0.015	0.073	0.261	0.651
0.129	0.201	0.389	0.280
0.134	0.335	0.106	0.426
0.273	0.332	0.230	0.165
0.362	0.235	0.109	0.293
>GGAATGTGT	4-GGAATGTGT	5.969400	-322.703486	0	T:551.0(55.10%),B:8947.7(19.11%),P:1e-140	Tpos:98.4,Tstd:57.2,Bpos:99.5,Bstd:62.7,StrandBias:0.1,Multiplicity:1.11
0.049	0.017	0.843	0.091
0.139	0.148	0.712	0.001
0.890	0.026	0.083	0.001
0.643	0.165	0.072	0.120
0.012	0.018	0.045	0.925
0.142	0.041	0.745	0.072
0.091	0.001	0.074	0.834
0.001	0.127	0.758	0.114
0.018	0.187	0.141	0.654
>TACATACYK	5-TACATACYK	6.653374	-192.837240	0	T:256.0(25.60%),B:2919.7(6.24%),P:1e-83	Tpos:106.2,Tstd:48.9,Bpos:100.6,Bstd:58.8,StrandBias:-0.2,Multiplicity:1.09
0.001	0.059	0.232	0.708
0.683	0.001	0.315	0.001
0.190	0.808	0.001	0.001
0.703	0.001	0.295	0.001
0.001	0.193	0.001	0.805
0.752	0.006	0.001	0.241
0.001	0.674	0.324	0.001
0.001	0.460	0.001	0.538
0.244	0.080	0.268	0.408
>ATGAGTCAC	6-ATGAGTCAC	6.865923	-189.023088	0	T:198.0(19.80%),B:1729.3(3.69%),P:1e-82	Tpos:103.0,Tstd:48.9,Bpos:100.6,Bstd:63.8,StrandBias:0.0,Multiplicity:1.12
0.606	0.189	0.158	0.047
0.001	0.001	0.001	0.997
0.001	0.001	0.984	0.014
0.988	0.001	0.001	0.010
0.029	0.087	0.851	0.033
0.001	0.001	0.001	0.997
0.019	0.972	0.001	0.008
0.987	0.001	0.011	0.001
0.001	0.756	0.120	0.123
>GCCTGRGGS	7-GCCTGRGGS	6.701896	-179.125447	0	T:431.0(43.10%),B:8229.2(17.57%),P:1e-77	Tpos:100.0,Tstd:52.3,Bpos:101.0,Bstd:62.6,StrandBias:-0.1,Multiplicity:1.22
0.001	0.332	0.590	0.077
0.001	0.997	0.001	0.001
0.001	0.899	0.001	0.099
0.226	0.001	0.009	0.764
0.173	0.136	0.603	0.088
0.442	0.001	0.497	0.060
0.089	0.001	0.909	0.001
0.001	0.001	0.997	0.001
0.001	0.438	0.289	0.272
>TKASTMANN	8-TKASTMANN	5.946346	-162.674331	0	T:282.0(28.20%),B:4069.2(8.69%),P:1e-70	Tpos:104.1,Tstd:55.6,Bpos:100.2,Bstd:61.0,StrandBias:-0.3,Multiplicity:1.06
0.116	0.001	0.001	0.882
0.244	0.001	0.440	0.315
0.781	0.096	0.001	0.122
0.001	0.439	0.559	0.001
0.081	0.099	0.118	0.702
0.387	0.444	0.093	0.077
0.788	0.001	0.093	0.118
0.194	0.310	0.286	0.211
0.251	0.301	0.227	0.221
>ATATGGCGA	9-ATATGGCGA	12.093238	-73.652762	0	T:18.0(1.80%),B:6.2(0.01%),P:1e-31	Tpos:88.6,Tstd:45.7,Bpos:101.2,Bstd:52.5,StrandBias:-0.8,Multiplicity:1.22
0.997	0.001	0.001	0.001
0.001	0.001	0.001	0.997
0.997	0.001	0.001	0.001
0.001	0.001	0.001	0.997
0.001	0.001	0.971	0.027
0.001	0.001	0.971	0.027
0.001	0.997	0.001	0.001
0.262	0.001	0.736	0.001
0.997	0.001	0.001	0.001
>SACATTTTT	10-SACATTTTT	8.507758	-72.811489	0	T:90.0(9.00%),B:911.3(1.95%),P:1e-31	Tpos:101.9,Tstd:51.5,Bpos:100.6,Bstd:66.8,StrandBias:0.0,Multiplicity:1.18
0.017	0.424	0.558	0.001
0.759	0.001	0.062	0.178
0.001	0.997	0.001	0.001
0.719	0.001	0.279	0.001
0.021	0.226	0.001	0.752
0.115	0.030	0.005	0.850
0.017	0.258	0.001	0.724
0.001	0.205	0.001	0.793
0.325	0.009	0.010	0.656
>GGATTCCDK	11-GGATTCCDK	8.638908	-69.915999	0	T:60.0(6.00%),B:398.2(0.85%),P:1e-30	Tpos:105.4,Tstd:45.4,Bpos:100.8,Bstd:64.1,StrandBias:0.2,Multiplicity:1.00
0.003	0.039	0.957	0.001
0.123	0.129	0.747	0.001
0.940	0.040	0.001	0.019
0.179	0.054	0.033	0.734
0.012	0.001	0.022	0.965
0.023	0.869	0.077	0.031
0.001	0.600	0.015	0.384
0.314	0.163	0.194	0.330
0.257	0.070	0.411	0.262
>GAATGTCAC	12-GAATGTCAC	9.009589	-48.586017	0	T:44.0(4.40%),B:316.4(0.68%),P:1e-21	Tpos:118.9,Tstd:51.4,Bpos:102.8,Bstd:60.5,StrandBias:-0.4,Multiplicity:1.00
0.001	0.001	0.997	0.001
0.997	0.001	0.001	0.001
0.870	0.001	0.128	0.001
0.001	0.001	0.249	0.749
0.001	0.001	0.997	0.001
0.001	0.001	0.001	0.997
0.001	0.997	0.001	0.001
0.997	0.001	0.001	0.001
0.001	0.997	0.001	0.001
>TCCGGGAAG	13-TCCGGGAAG	8.244853	-43.826137	0	T:80.0(8.00%),B:1141.8(2.44%),P:1e-19	Tpos:109.7,Tstd:57.0,Bpos:98.8,Bstd:66.0,StrandBias:0.1,Multiplicity:1.02
0.070	0.001	0.066	0.863
0.026	0.941	0.032	0.001
0.001	0.937	0.001	0.061
0.187	0.072	0.596	0.145
0.023	0.001	0.958	0.018
0.001	0.040	0.958	0.001
0.896	0.001	0.001	0.102
0.950	0.025	0.001	0.024
0.016	0.001	0.982	0.001
>CWTGCSGYA	14-CWTGCSGYA	7.961658	-42.156996	0	T:29.0(2.90%),B:143.9(0.31%),P:1e-18	Tpos:90.9,Tstd:53.6,Bpos:98.4,Bstd:63.0,StrandBias:0.9,Multiplicity:1.10
0.001	0.997	0.001	0.001
0.378	0.001	0.199	0.422
0.162	0.093	0.001	0.744
0.183	0.004	0.812	0.001
0.056	0.697	0.009	0.238
0.001	0.461	0.399	0.139
0.280	0.014	0.506	0.200
0.001	0.344	0.175	0.480
0.997	0.001	0.001	0.001
>CTGTAGGAC	15-CTGTAGGAC	12.200297	-41.552730	0	T:22.0(2.20%),B:69.8(0.15%),P:1e-18	Tpos:111.7,Tstd:56.6,Bpos:90.2,Bstd:49.9,StrandBias:-0.9,Multiplicity:1.45
0.001	0.997	0.001	0.001
0.001	0.001	0.001	0.997
0.001	0.001	0.777	0.221
0.001	0.001	0.001	0.997
0.997	0.001	0.001	0.001
0.001	0.001	0.997	0.001
0.001	0.001	0.997	0.001
0.997	0.001	0.001	0.001
0.001	0.997	0.001	0.001
>TATCATTTT	16-TATCATTTT	10.169299	-36.707114	0	T:33.0(3.30%),B:238.3(0.51%),P:1e-15	Tpos:106.6,Tstd:52.7,Bpos:97.6,Bstd:62.7,StrandBias:0.5,Multiplicity:1.73
0.001	0.001	0.001	0.997
0.815	0.110	0.001	0.074
0.001	0.001	0.001	0.997
0.001	0.997	0.001	0.001
0.997	0.001	0.001	0.001
0.001	0.001	0.074	0.924
0.001	0.001	0.001	0.997
0.001	0.001	0.001	0.997
0.001	0.001	0.001	0.997
>GACGAAATC	17-GACGAAATC	9.266574	-35.811619	0	T:10.0(1.00%),B:6.1(0.01%),P:1e-15	Tpos:106.7,Tstd:72.9,Bpos:80.3,Bstd:70.8,StrandBias:0.0,Multiplicity:1.00
0.100	0.100	0.700	0.100
0.700	0.100	0.100	0.100
0.100	0.700	0.100	0.100
0.100	0.100	0.700	0.100
0.700	0.100	0.100	0.100
0.700	0.100	0.100	0.100
0.700	0.100	0.100	0.100
0.100	0.100	0.100	0.700
0.100	0.700	0.100	0.100
>AACTGAAAA	18-AACTGAAAA	12.125924	-31.623726	0	T:25.0(2.50%),B:154.6(0.33%),P:1e-13	Tpos:90.5,Tstd:55.6,Bpos:101.6,Bstd:70.8,StrandBias:-0.5,Multiplicity:1.71
0.761	0.237	0.001	0.001
0.997	0.001	0.001	0.001
0.001	0.997	0.001	0.001
0.001	0.001	0.001	0.997
0.001	0.001	0.997	0.001
0.997	0.001	0.001	0.001
0.945	0.001	0.001	0.053
0.997	0.001	0.001	0.001
0.997	0.001	0.001	0.001
>GGGTGTGKC	19-GGGTGTGKC	8.379311	-30.907170	0	T:67.0(6.70%),B:1086.0(2.32%),P:1e-13	Tpos:108.0,Tstd:51.7,Bpos:103.1,Bstd:56.9,StrandBias:0.5,Multiplicity:1.08
0.087	0.074	0.812	0.027
0.001	0.096	0.902	0.001
0.103	0.095	0.776	0.026
0.066	0.053	0.001	0.880
0.070	0.001	0.928	0.001
0.035	0.015	0.241	0.709
0.001	0.049	0.937	0.013
0.170	0.001	0.407	0.423
0.038	0.644	0.001	0.317
>GTGACGTCA	20-GTGACGTCA	5.765344	-29.615981	0	T:111.0(11.10%),B:2438.4(5.21%),P:1e-12	Tpos:104.6,Tstd:58.0,Bpos:100.8,Bstd:65.3,StrandBias:0.1,Multiplicity:1.10
0.157	0.121	0.648	0.074
0.086	0.197	0.008	0.709
0.087	0.161	0.574	0.178
0.709	0.087	0.065	0.139
0.107	0.618	0.132	0.143
0.109	0.161	0.632	0.098
0.091	0.076	0.061	0.772
0.137	0.623	0.144	0.096
0.681	0.083	0.148	0.088
>ATTYTCGAC	21-ATTYTCGAC	9.781121	-29.612822	0	T:23.0(2.30%),B:139.9(0.30%),P:1e-12	Tpos:77.0,Tstd:49.4,Bpos:89.2,Bstd:69.4,StrandBias:1.0,Multiplicity:1.00
0.997	0.001	0.001	0.001
0.001	0.001	0.001	0.997
0.001	0.001	0.001	0.997
0.001	0.444	0.001	0.554
0.001	0.345	0.001	0.653
0.001	0.997	0.001	0.001
0.001	0.190	0.808	0.001
0.997	0.001	0.001	0.001
0.001	0.997	0.001	0.001
>TTYACGWCG	22-TTYACGWCG	7.260124	-24.425634	0	T:20.0(2.00%),B:132.7(0.28%),P:1e-10	Tpos:95.8,Tstd:45.6,Bpos:108.9,Bstd:66.4,StrandBias:0.1,Multiplicity:1.11
0.001	0.001	0.001	0.997
0.177	0.247	0.001	0.575
0.190	0.319	0.147	0.345
0.702	0.001	0.001	0.296
0.234	0.547	0.218	0.001
0.001	0.057	0.796	0.146
0.374	0.109	0.134	0.383
0.001	0.920	0.078	0.001
0.001	0.276	0.644	0.079
>GTCCTTRTC	23-GTCCTTRTC	8.190209	-23.080090	0	T:56.0(5.60%),B:983.0(2.10%),P:1e-10	Tpos:90.4,Tstd:46.6,Bpos:99.6,Bstd:60.5,StrandBias:-0.3,Multiplicity:1.22
0.001	0.030	0.842	0.127
0.050	0.024	0.001	0.925
0.003	0.570	0.311	0.116
0.001	0.912	0.077	0.010
0.001	0.001	0.110	0.888
0.029	0.001	0.001	0.969
0.490	0.001	0.508	0.001
0.001	0.001	0.144	0.854
0.001	0.907	0.091	0.001
>TTGGKCTAG	24-TTGGKCTAG	9.023142	-22.265536	0	T:22.0(2.20%),B:184.1(0.39%),P:1e-9	Tpos:112.8,Tstd:47.5,Bpos:102.3,Bstd:58.8,StrandBias:0.3,Multiplicity:1.29
0.001	0.001	0.001	0.997
0.001	0.001	0.067	0.931
0.029	0.003	0.962	0.006
0.013	0.173	0.565	0.249
0.063	0.155	0.352	0.430
0.102	0.852	0.001	0.045
0.155	0.001	0.230	0.614
0.838	0.101	0.001	0.060
0.009	0.102	0.888	0.001
>TTTTGTTTT	25-TTTTGTTTT	9.377405	-3.380483	0	T:42.0(4.20%),B:1458.0(3.11%),P:1e-1	Tpos:95.7,Tstd:62.2,Bpos:97.8,Bstd:59.7,StrandBias:-0.5,Multiplicity:1.39
0.001	0.001	0.001	0.997
0.363	0.001	0.001	0.635
0.001	0.177	0.085	0.737
0.001	0.001	0.001	0.997
0.001	0.001	0.881	0.117
0.001	0.001	0.001	0.997
0.001	0.001	0.001	0.997
0.001	0.001	0.001	0.997
0.111	0.128	0.001	0.760
