>NNNNNRRNATBCCWGGAATG	1-NNNNNRRNATBCCWGGAATG	8.202598	-1388.337597	0	T:624.0(62.40%),B:1804.8(3.85%),P:1e-602	Tpos:100.7,Tstd:27.0,Bpos:100.1,Bstd:64.1,StrandBias:-0.1,Multiplicity:1.18
0.235	0.265	0.271	0.229
0.239	0.265	0.261	0.235
0.223	0.282	0.267	0.229
0.205	0.288	0.301	0.205
0.292	0.214	0.197	0.297
0.284	0.197	0.354	0.165
0.299	0.165	0.377	0.159
0.311	0.299	0.197	0.193
0.464	0.205	0.167	0.163
0.197	0.169	0.193	0.441
0.089	0.231	0.329	0.352
0.044	0.525	0.284	0.147
0.030	0.773	0.047	0.150
0.422	0.002	0.019	0.557
0.067	0.001	0.931	0.001
0.001	0.001	0.997	0.001
0.907	0.034	0.019	0.040
0.997	0.001	0.001	0.001
0.001	0.001	0.001	0.997
0.001	0.001	0.722	0.276
>NNVVNDBBNNAGGAATGTBN	2-NNVVNDBBNNAGGAATGTBN	7.567736	-890.238371	0	T:571.0(57.10%),B:3158.8(6.75%),P:1e-386	Tpos:101.6,Tstd:38.3,Bpos:99.1,Bstd:63.5,StrandBias:0.3,Multiplicity:1.18
0.219	0.252	0.281	0.248
0.300	0.233	0.237	0.230
0.319	0.215	0.300	0.167
0.289	0.193	0.337	0.181
0.282	0.218	0.233	0.267
0.322	0.144	0.311	0.222
0.189	0.226	0.237	0.348
0.141	0.300	0.293	0.267
0.193	0.337	0.211	0.259
0.233	0.293	0.285	0.189
0.600	0.129	0.270	0.001
0.370	0.001	0.626	0.003
0.077	0.044	0.878	0.001
0.958	0.040	0.001	0.001
0.997	0.001	0.001	0.001
0.001	0.001	0.001	0.997
0.001	0.001	0.706	0.292
0.092	0.377	0.001	0.530
0.167	0.281	0.326	0.226
0.281	0.200	0.259	0.259
>CACTGTAGGACATGGAATAT	3-CACTGTAGGACATGGAATAT	14.780406	-147.397453	0	T:24.0(2.40%),B:0.0(0.00%),P:1e-64	Tpos:105.0,Tstd:53.0,Bpos:0.0,Bstd:0.0,StrandBias:-0.6,Multiplicity:3.62
0.345	0.653	0.001	0.001
0.997	0.001	0.001	0.001
0.001	0.980	0.001	0.018
0.001	0.001	0.001	0.997
0.037	0.001	0.925	0.037
0.403	0.001	0.001	0.595
0.980	0.001	0.001	0.018
0.366	0.001	0.632	0.001
0.366	0.001	0.632	0.001
0.692	0.001	0.001	0.306
0.001	0.943	0.038	0.018
0.518	0.258	0.134	0.090
0.018	0.230	0.001	0.751
0.001	0.001	0.997	0.001
0.132	0.001	0.866	0.001
0.997	0.001	0.001	0.001
0.997	0.001	0.001	0.001
0.347	0.001	0.001	0.651
0.997	0.001	0.001	0.001
0.001	0.001	0.001	0.997
>TTGARGACKTGAAAAATGAC	4-TTGARGACKTGAAAAATGAC	14.470554	-140.349678	0	T:23.0(2.30%),B:0.0(0.00%),P:1e-60	Tpos:95.1,Tstd:62.6,Bpos:0.0,Bstd:0.0,StrandBias:-0.1,Multiplicity:1.21
0.197	0.049	0.099	0.655
0.049	0.006	0.148	0.797
0.099	0.049	0.600	0.252
0.803	0.098	0.098	0.001
0.395	0.056	0.450	0.099
0.247	0.001	0.555	0.197
0.797	0.055	0.099	0.049
0.098	0.852	0.001	0.049
0.246	0.001	0.351	0.402
0.098	0.001	0.055	0.846
0.001	0.001	0.900	0.098
0.704	0.001	0.197	0.098
0.802	0.049	0.148	0.001
0.753	0.049	0.099	0.099
0.649	0.049	0.001	0.301
0.997	0.001	0.001	0.001
0.049	0.001	0.098	0.852
0.001	0.049	0.846	0.104
0.594	0.006	0.351	0.049
0.099	0.555	0.247	0.099
>AAAACTGAWAAWSRYRGAAA	5-AAAACTGAWAAWSRYRGAAA	9.397453	-140.349678	0	T:23.0(2.30%),B:1.0(0.00%),P:1e-60	Tpos:80.2,Tstd:45.6,Bpos:62.2,Bstd:12.6,StrandBias:-1.5,Multiplicity:1.46
0.997	0.001	0.001	0.001
0.997	0.001	0.001	0.001
0.997	0.001	0.001	0.001
0.977	0.011	0.001	0.011
0.023	0.965	0.011	0.001
0.001	0.001	0.001	0.997
0.001	0.001	0.997	0.001
0.997	0.001	0.001	0.001
0.556	0.001	0.001	0.442
0.988	0.010	0.001	0.001
0.997	0.001	0.001	0.001
0.442	0.001	0.001	0.556
0.001	0.556	0.442	0.001
0.556	0.001	0.442	0.001
0.011	0.523	0.001	0.465
0.454	0.001	0.534	0.011
0.001	0.001	0.997	0.001
0.988	0.001	0.001	0.010
0.997	0.001	0.001	0.001
0.988	0.001	0.010	0.001
>CTKGAWATTTKAGAAATKTC	6-CTKGAWATTTKAGAAATKTC	11.548232	-137.235463	0	T:28.0(2.80%),B:4.5(0.01%),P:1e-59	Tpos:93.4,Tstd:48.0,Bpos:129.3,Bstd:34.7,StrandBias:0.8,Multiplicity:1.08
0.010	0.706	0.001	0.283
0.235	0.001	0.060	0.704
0.001	0.001	0.517	0.481
0.283	0.235	0.482	0.001
0.716	0.001	0.282	0.001
0.529	0.001	0.001	0.469
0.997	0.001	0.001	0.001
0.247	0.283	0.001	0.469
0.245	0.001	0.001	0.753
0.001	0.234	0.001	0.764
0.010	0.001	0.520	0.469
0.764	0.001	0.001	0.234
0.001	0.001	0.997	0.001
0.764	0.001	0.001	0.234
0.997	0.001	0.001	0.001
0.997	0.001	0.001	0.001
0.001	0.234	0.001	0.764
0.001	0.001	0.481	0.517
0.048	0.247	0.001	0.704
0.294	0.470	0.001	0.235
>GAATYTGACYTTGGGCTAGG	7-GAATYTGACYTTGGGCTAGG	14.921427	-111.850622	0	T:21.0(2.10%),B:2.7(0.01%),P:1e-48	Tpos:112.9,Tstd:36.6,Bpos:86.1,Bstd:33.4,StrandBias:-0.1,Multiplicity:1.48
0.001	0.001	0.997	0.001
0.997	0.001	0.001	0.001
0.832	0.001	0.085	0.082
0.162	0.001	0.001	0.836
0.001	0.424	0.081	0.494
0.082	0.001	0.001	0.916
0.009	0.081	0.909	0.001
0.917	0.001	0.001	0.081
0.001	0.989	0.001	0.009
0.246	0.332	0.001	0.421
0.001	0.083	0.081	0.835
0.001	0.081	0.083	0.835
0.339	0.001	0.659	0.001
0.001	0.001	0.997	0.001
0.001	0.166	0.670	0.163
0.001	0.832	0.086	0.081
0.166	0.331	0.001	0.502
0.749	0.083	0.086	0.082
0.165	0.082	0.665	0.088
0.253	0.001	0.745	0.001
>CTGCCAGAGCTTACTTCCTT	8-CTGCCAGAGCTTACTTCCTT	15.964075	-70.233897	0	T:16.0(1.60%),B:4.3(0.01%),P:1e-30	Tpos:84.5,Tstd:35.7,Bpos:82.8,Bstd:59.9,StrandBias:-0.7,Multiplicity:1.20
0.001	0.981	0.009	0.009
0.209	0.001	0.001	0.789
0.001	0.001	0.799	0.199
0.001	0.990	0.001	0.008
0.001	0.799	0.001	0.199
0.590	0.190	0.001	0.219
0.190	0.001	0.619	0.190
0.809	0.001	0.001	0.189
0.199	0.190	0.610	0.001
0.008	0.990	0.001	0.001
0.009	0.399	0.001	0.591
0.001	0.389	0.001	0.609
0.997	0.001	0.001	0.001
0.001	0.809	0.189	0.001
0.001	0.199	0.001	0.799
0.001	0.001	0.001	0.997
0.190	0.619	0.001	0.190
0.001	0.997	0.001	0.001
0.001	0.190	0.009	0.800
0.190	0.001	0.018	0.791
>TGGGAATGCASMGGGAATGC	9-TGGGAATGCASMGGGAATGC	14.026612	-63.662421	0	T:13.0(1.30%),B:2.2(0.00%),P:1e-27	Tpos:111.0,Tstd:45.5,Bpos:177.2,Bstd:18.3,StrandBias:1.3,Multiplicity:1.62
0.001	0.001	0.280	0.718
0.001	0.070	0.640	0.289
0.070	0.001	0.859	0.070
0.069	0.001	0.929	0.001
0.720	0.070	0.070	0.140
0.929	0.001	0.001	0.069
0.001	0.069	0.001	0.929
0.001	0.070	0.570	0.359
0.001	0.715	0.210	0.074
0.645	0.211	0.070	0.074
0.070	0.495	0.434	0.001
0.421	0.281	0.070	0.229
0.220	0.140	0.500	0.140
0.149	0.001	0.500	0.350
0.069	0.001	0.929	0.001
0.789	0.209	0.001	0.001
0.929	0.069	0.001	0.001
0.001	0.001	0.069	0.929
0.001	0.001	0.859	0.139
0.001	0.772	0.070	0.157
>CARSCCYSYAGCCTSAGGCT	10-CARSCCYSYAGCCTSAGGCT	12.635785	-49.936577	0	T:24.0(2.40%),B:61.8(0.13%),P:1e-21	Tpos:94.3,Tstd:50.3,Bpos:94.8,Bstd:60.7,StrandBias:0.2,Multiplicity:1.29
0.036	0.795	0.133	0.036
0.782	0.216	0.001	0.001
0.288	0.001	0.435	0.276
0.036	0.361	0.422	0.182
0.216	0.603	0.001	0.180
0.255	0.564	0.001	0.180
0.072	0.359	0.108	0.461
0.072	0.400	0.348	0.180
0.108	0.352	0.179	0.361
0.675	0.001	0.144	0.180
0.001	0.001	0.997	0.001
0.001	0.891	0.107	0.001
0.001	0.997	0.001	0.001
0.107	0.001	0.001	0.891
0.072	0.399	0.457	0.072
0.677	0.036	0.286	0.001
0.143	0.001	0.820	0.036
0.001	0.022	0.976	0.001
0.001	0.927	0.001	0.071
0.361	0.036	0.001	0.602
>GATGTGTKTCWMAGTGTTAC	11-GATGTGTKTCWMAGTGTTAC	14.033463	-47.474923	0	T:9.0(0.90%),B:1.7(0.00%),P:1e-20	Tpos:75.7,Tstd:47.0,Bpos:160.2,Bstd:20.5,StrandBias:-0.3,Multiplicity:1.22
0.335	0.005	0.490	0.170
0.834	0.001	0.001	0.164
0.319	0.001	0.159	0.521
0.319	0.001	0.679	0.001
0.165	0.001	0.159	0.675
0.001	0.001	0.997	0.001
0.001	0.001	0.329	0.669
0.165	0.160	0.325	0.351
0.001	0.001	0.004	0.994
0.160	0.495	0.160	0.186
0.489	0.001	0.001	0.509
0.478	0.520	0.001	0.001
0.834	0.164	0.001	0.001
0.165	0.001	0.669	0.165
0.001	0.001	0.319	0.679
0.001	0.005	0.675	0.319
0.164	0.001	0.001	0.834
0.190	0.001	0.159	0.650
0.521	0.159	0.319	0.001
0.001	0.997	0.001	0.001
>RATTCAGTGACATTCRGAAW	12-RATTCAGTGACATTCRGAAW	15.409105	-46.720905	0	T:10.0(1.00%),B:2.3(0.00%),P:1e-20	Tpos:120.7,Tstd:31.2,Bpos:147.0,Bstd:0.0,StrandBias:0.0,Multiplicity:1.00
0.332	0.172	0.332	0.163
0.520	0.160	0.160	0.160
0.001	0.172	0.159	0.668
0.001	0.001	0.171	0.827
0.001	0.668	0.159	0.172
0.997	0.001	0.001	0.001
0.001	0.001	0.997	0.001
0.001	0.001	0.001	0.997
0.159	0.001	0.839	0.001
0.997	0.001	0.001	0.001
0.001	0.986	0.012	0.001
0.679	0.319	0.001	0.001
0.001	0.159	0.159	0.681
0.001	0.012	0.345	0.642
0.001	0.681	0.159	0.159
0.348	0.172	0.320	0.160
0.185	0.012	0.802	0.001
0.986	0.001	0.012	0.001
0.839	0.001	0.001	0.159
0.479	0.001	0.038	0.482
>ACCACACTGTAGAACAKKGT	13-ACCACACTGTAGAACAKKGT	12.568824	-37.615629	0	T:10.0(1.00%),B:5.5(0.01%),P:1e-16	Tpos:102.2,Tstd:50.3,Bpos:105.7,Bstd:63.8,StrandBias:-0.4,Multiplicity:1.40
0.681	0.317	0.001	0.001
0.001	0.681	0.317	0.001
0.127	0.554	0.318	0.001
0.575	0.001	0.318	0.106
0.127	0.766	0.106	0.001
0.997	0.001	0.001	0.001
0.021	0.660	0.001	0.318
0.001	0.105	0.001	0.893
0.001	0.105	0.893	0.001
0.106	0.106	0.001	0.787
0.765	0.001	0.233	0.001
0.105	0.001	0.893	0.001
0.787	0.001	0.211	0.001
0.997	0.001	0.001	0.001
0.001	0.681	0.106	0.212
0.787	0.106	0.001	0.106
0.106	0.001	0.448	0.445
0.233	0.001	0.339	0.426
0.001	0.001	0.768	0.230
0.001	0.211	0.001	0.787
>ACAGCCTVAGGDTAGAGTCC	14-ACAGCCTVAGGDTAGAGTCC	16.763385	-35.896658	0	T:8.0(0.80%),B:2.1(0.00%),P:1e-15	Tpos:102.8,Tstd:56.5,Bpos:0.0,Bstd:0.0,StrandBias:0.0,Multiplicity:1.00
0.692	0.001	0.001	0.306
0.001	0.692	0.306	0.001
0.692	0.001	0.001	0.306
0.001	0.001	0.997	0.001
0.001	0.997	0.001	0.001
0.001	0.997	0.001	0.001
0.306	0.001	0.001	0.692
0.359	0.307	0.333	0.001
0.997	0.001	0.001	0.001
0.385	0.001	0.613	0.001
0.001	0.001	0.997	0.001
0.307	0.001	0.307	0.386
0.306	0.001	0.001	0.692
0.692	0.001	0.306	0.001
0.001	0.001	0.692	0.306
0.997	0.001	0.001	0.001
0.001	0.001	0.946	0.052
0.001	0.306	0.001	0.692
0.001	0.692	0.001	0.306
0.001	0.613	0.001	0.385
>GGAAGGACAGGMAGCCCCAG	15-GGAAGGACAGGMAGCCCCAG	15.506154	-35.489830	0	T:7.0(0.70%),B:1.9(0.00%),P:1e-15	Tpos:58.0,Tstd:29.1,Bpos:85.0,Bstd:45.7,StrandBias:-0.4,Multiplicity:1.00
0.097	0.097	0.805	0.001
0.291	0.001	0.707	0.001
0.609	0.001	0.389	0.001
0.805	0.097	0.097	0.001
0.195	0.001	0.707	0.097
0.001	0.001	0.804	0.194
0.487	0.292	0.097	0.123
0.097	0.805	0.097	0.001
0.804	0.001	0.001	0.194
0.097	0.001	0.880	0.022
0.099	0.001	0.899	0.001
0.512	0.390	0.097	0.001
0.997	0.001	0.001	0.001
0.020	0.097	0.786	0.097
0.001	0.997	0.001	0.001
0.001	0.609	0.001	0.389
0.194	0.804	0.001	0.001
0.195	0.584	0.001	0.220
0.585	0.001	0.097	0.317
0.001	0.097	0.901	0.001
>GCCATDGTWAATTCCTGTGT	16-GCCATDGTWAATTCCTGTGT	11.045240	-25.699735	0	T:15.0(1.50%),B:59.5(0.13%),P:1e-11	Tpos:115.2,Tstd:61.7,Bpos:99.0,Bstd:64.5,StrandBias:0.0,Multiplicity:1.07
0.131	0.001	0.803	0.065
0.131	0.664	0.139	0.066
0.131	0.737	0.066	0.066
0.541	0.131	0.197	0.131
0.262	0.131	0.066	0.541
0.262	0.066	0.262	0.410
0.066	0.197	0.671	0.066
0.073	0.197	0.066	0.664
0.475	0.001	0.131	0.393
0.672	0.196	0.131	0.001
0.869	0.001	0.065	0.065
0.131	0.131	0.131	0.607
0.066	0.131	0.008	0.795
0.131	0.803	0.001	0.065
0.065	0.927	0.001	0.007
0.131	0.131	0.066	0.672
0.066	0.066	0.802	0.066
0.001	0.007	0.001	0.991
0.081	0.131	0.591	0.197
0.008	0.066	0.131	0.795
>CCYAGTCRACTAGTCKACYA	17-CCYAGTCRACTAGTCKACYA	12.007418	-24.047403	0	T:5.0(0.50%),B:1.5(0.00%),P:1e-10	Tpos:137.8,Tstd:63.3,Bpos:114.0,Bstd:12.3,StrandBias:0.3,Multiplicity:1.00
0.413	0.585	0.001	0.001
0.236	0.762	0.001	0.001
0.001	0.425	0.001	0.573
0.997	0.001	0.001	0.001
0.001	0.001	0.809	0.189
0.001	0.015	0.001	0.983
0.380	0.604	0.001	0.015
0.395	0.015	0.380	0.209
0.809	0.001	0.189	0.001
0.205	0.793	0.001	0.001
0.001	0.001	0.001	0.997
0.619	0.379	0.001	0.001
0.220	0.190	0.589	0.001
0.382	0.015	0.001	0.602
0.379	0.619	0.001	0.001
0.205	0.001	0.380	0.414
0.794	0.001	0.204	0.001
0.220	0.588	0.191	0.001
0.001	0.380	0.220	0.399
0.763	0.001	0.235	0.001
>GGGGGYGGGGGCGGGGGCGG	18-GGGGGYGGGGGCGGGGGCGG	25.498176	-8.401221	0	T:2.0(0.20%),B:1.1(0.00%),P:1e-3	Tpos:136.2,Tstd:55.9,Bpos:127.0,Bstd:25.7,StrandBias:2.0,Multiplicity:1.00
0.001	0.001	0.997	0.001
0.001	0.001	0.997	0.001
0.001	0.001	0.997	0.001
0.001	0.001	0.997	0.001
0.001	0.001	0.997	0.001
0.001	0.520	0.001	0.478
0.001	0.001	0.997	0.001
0.001	0.001	0.997	0.001
0.001	0.001	0.997	0.001
0.001	0.001	0.997	0.001
0.001	0.001	0.997	0.001
0.001	0.760	0.001	0.238
0.001	0.001	0.997	0.001
0.001	0.001	0.997	0.001
0.001	0.001	0.997	0.001
0.001	0.001	0.997	0.001
0.001	0.001	0.997	0.001
0.001	0.997	0.001	0.001
0.001	0.001	0.997	0.001
0.001	0.001	0.997	0.001
>SAAAAAAAAAAAARRMGSKG	19-SAAAAAAAAAAAARRMGSKG	22.923412	-8.401221	0	T:2.0(0.20%),B:0.0(0.00%),P:1e-3	Tpos:99.5,Tstd:83.5,Bpos:0.0,Bstd:0.0,StrandBias:0.0,Multiplicity:1.00
0.114	0.442	0.442	0.001
0.997	0.001	0.001	0.001
0.997	0.001	0.001	0.001
0.997	0.001	0.001	0.001
0.997	0.001	0.001	0.001
0.997	0.001	0.001	0.001
0.997	0.001	0.001	0.001
0.997	0.001	0.001	0.001
0.997	0.001	0.001	0.001
0.997	0.001	0.001	0.001
0.908	0.001	0.090	0.001
0.903	0.001	0.095	0.001
0.898	0.001	0.100	0.001
0.451	0.001	0.547	0.001
0.446	0.001	0.552	0.001
0.442	0.442	0.114	0.001
0.001	0.001	0.997	0.001
0.001	0.442	0.556	0.001
0.001	0.001	0.556	0.442
0.001	0.001	0.997	0.001
>AAAAAAAAAAAAAAAAARRA	20-AAAAAAAAAAAAAAAAARRA	20.332876	-4.171395	0	T:11.0(1.10%),B:239.4(0.51%),P:1e-1	Tpos:51.0,Tstd:60.3,Bpos:97.4,Bstd:63.5,StrandBias:1.4,Multiplicity:1.00
0.889	0.001	0.101	0.009
0.639	0.018	0.302	0.041
0.946	0.001	0.052	0.001
0.897	0.001	0.101	0.001
0.847	0.001	0.151	0.001
0.997	0.001	0.001	0.001
0.997	0.001	0.001	0.001
0.958	0.001	0.040	0.001
0.697	0.001	0.301	0.001
0.997	0.001	0.001	0.001
0.949	0.001	0.049	0.001
0.947	0.001	0.051	0.001
0.949	0.001	0.049	0.001
0.948	0.001	0.050	0.001
0.706	0.001	0.292	0.001
0.647	0.001	0.351	0.001
0.645	0.001	0.154	0.200
0.419	0.026	0.303	0.252
0.416	0.226	0.304	0.054
0.592	0.101	0.154	0.153
