>NNNNBSCWGGAATGYNNN	1-NNNNBSCWGGAATGYNNN	8.864770	-1400.562632	0	T:578.0(57.80%),B:1313.7(2.81%),P:1e-608	Tpos:101.7,Tstd:32.3,Bpos:99.7,Bstd:62.7,StrandBias:-0.0,Multiplicity:1.16
0.268	0.211	0.227	0.294
0.206	0.289	0.268	0.237
0.201	0.232	0.289	0.278
0.278	0.278	0.247	0.196
0.139	0.263	0.314	0.283
0.119	0.417	0.320	0.144
0.098	0.562	0.211	0.129
0.468	0.001	0.001	0.530
0.001	0.001	0.997	0.001
0.001	0.001	0.997	0.001
0.997	0.001	0.001	0.001
0.997	0.001	0.001	0.001
0.001	0.001	0.001	0.997
0.001	0.103	0.536	0.360
0.001	0.437	0.001	0.561
0.253	0.227	0.268	0.253
0.294	0.201	0.268	0.237
0.278	0.304	0.217	0.201
>CWGGMATKCCWGGAATGY	2-CWGGMATKCCWGGAATGY	8.788605	-1167.896572	0	T:441.0(44.10%),B:719.4(1.54%),P:1e-507	Tpos:101.0,Tstd:23.5,Bpos:99.1,Bstd:64.6,StrandBias:0.0,Multiplicity:1.12
0.165	0.422	0.264	0.148
0.439	0.099	0.155	0.307
0.297	0.102	0.518	0.083
0.280	0.119	0.552	0.049
0.442	0.356	0.063	0.139
0.812	0.076	0.056	0.056
0.001	0.046	0.059	0.894
0.001	0.171	0.392	0.435
0.046	0.650	0.053	0.251
0.099	0.564	0.129	0.208
0.469	0.043	0.109	0.380
0.266	0.001	0.732	0.001
0.105	0.112	0.782	0.001
0.620	0.218	0.066	0.096
0.935	0.036	0.026	0.003
0.003	0.036	0.007	0.954
0.007	0.053	0.557	0.383
0.036	0.488	0.053	0.422
>AAAATCATGGAAAATGAG	3-AAAATCATGGAAAATGAG	12.574287	-168.785560	0	T:27.0(2.70%),B:1.9(0.00%),P:1e-73	Tpos:105.3,Tstd:54.1,Bpos:100.3,Bstd:21.7,StrandBias:-0.5,Multiplicity:2.04
0.997	0.001	0.001	0.001
0.783	0.001	0.108	0.108
0.783	0.108	0.108	0.001
0.997	0.001	0.001	0.001
0.336	0.108	0.001	0.555
0.001	0.891	0.107	0.001
0.773	0.001	0.225	0.001
0.001	0.332	0.001	0.666
0.216	0.001	0.675	0.108
0.332	0.001	0.666	0.001
0.891	0.001	0.001	0.107
0.997	0.001	0.001	0.001
0.997	0.001	0.001	0.001
0.891	0.001	0.001	0.107
0.001	0.001	0.001	0.997
0.108	0.108	0.783	0.001
0.997	0.001	0.001	0.001
0.001	0.001	0.890	0.108
>TAGGACVTGGAATATGGC	4-TAGGACVTGGAATATGGC	18.821164	-140.349678	0	T:23.0(2.30%),B:0.0(0.00%),P:1e-60	Tpos:92.8,Tstd:47.1,Bpos:0.0,Bstd:0.0,StrandBias:-1.1,Multiplicity:1.87
0.043	0.043	0.001	0.913
0.977	0.001	0.021	0.001
0.001	0.001	0.997	0.001
0.001	0.001	0.997	0.001
0.997	0.001	0.001	0.001
0.001	0.955	0.022	0.022
0.234	0.321	0.376	0.069
0.021	0.001	0.001	0.977
0.001	0.001	0.997	0.001
0.354	0.001	0.623	0.022
0.997	0.001	0.001	0.001
0.977	0.021	0.001	0.001
0.001	0.001	0.001	0.997
0.997	0.001	0.001	0.001
0.021	0.001	0.001	0.977
0.022	0.001	0.955	0.022
0.001	0.001	0.977	0.021
0.001	0.955	0.001	0.043
>AAAATAAGAAATGCACAC	5-AAAATAAGAAATGCACAC	11.113589	-140.349678	0	T:23.0(2.30%),B:0.6(0.00%),P:1e-60	Tpos:77.7,Tstd:44.7,Bpos:175.0,Bstd:0.0,StrandBias:-0.2,Multiplicity:1.06
0.997	0.001	0.001	0.001
0.997	0.001	0.001	0.001
0.997	0.001	0.001	0.001
0.794	0.001	0.001	0.204
0.001	0.001	0.001	0.997
0.794	0.001	0.001	0.204
0.835	0.001	0.163	0.001
0.001	0.002	0.834	0.163
0.997	0.001	0.001	0.001
0.997	0.001	0.001	0.001
0.997	0.001	0.001	0.001
0.001	0.001	0.001	0.997
0.001	0.001	0.834	0.164
0.001	0.794	0.001	0.204
0.794	0.204	0.001	0.001
0.001	0.997	0.001	0.001
0.997	0.001	0.001	0.001
0.001	0.997	0.001	0.001
>CTTAAGGACGTGAAATAT	6-CTTAAGGACGTGAAATAT	13.085139	-140.349678	0	T:23.0(2.30%),B:1.9(0.00%),P:1e-60	Tpos:107.8,Tstd:48.4,Bpos:47.2,Bstd:32.1,StrandBias:0.0,Multiplicity:1.00
0.306	0.692	0.001	0.001
0.001	0.307	0.035	0.657
0.001	0.001	0.342	0.656
0.613	0.001	0.001	0.385
0.690	0.001	0.308	0.001
0.001	0.001	0.997	0.001
0.001	0.001	0.691	0.307
0.963	0.001	0.001	0.035
0.036	0.654	0.001	0.309
0.001	0.308	0.656	0.035
0.001	0.001	0.306	0.692
0.306	0.001	0.692	0.001
0.657	0.001	0.341	0.001
0.997	0.001	0.001	0.001
0.997	0.001	0.001	0.001
0.001	0.001	0.001	0.997
0.997	0.001	0.001	0.001
0.001	0.001	0.001	0.997
>AGAAAACTGAAAATCATG	7-AGAAAACTGAAAATCATG	14.641328	-140.349678	0	T:23.0(2.30%),B:0.0(0.00%),P:1e-60	Tpos:41.2,Tstd:48.9,Bpos:0.0,Bstd:0.0,StrandBias:-1.6,Multiplicity:1.00
0.700	0.100	0.100	0.100
0.100	0.100	0.700	0.100
0.700	0.100	0.100	0.100
0.700	0.100	0.100	0.100
0.700	0.100	0.100	0.100
0.700	0.100	0.100	0.100
0.100	0.700	0.100	0.100
0.100	0.100	0.100	0.700
0.100	0.100	0.700	0.100
0.700	0.100	0.100	0.100
0.700	0.100	0.100	0.100
0.700	0.100	0.100	0.100
0.700	0.100	0.100	0.100
0.100	0.100	0.100	0.700
0.100	0.700	0.100	0.100
0.700	0.100	0.100	0.100
0.100	0.100	0.100	0.700
0.100	0.100	0.700	0.100
>YTGGAATGTSSYTGGAAT	8-YTGGAATGTSSYTGGAAT	12.406255	-116.834211	0	T:34.0(3.40%),B:21.5(0.05%),P:1e-50	Tpos:95.7,Tstd:39.9,Bpos:100.0,Bstd:73.7,StrandBias:0.9,Multiplicity:1.59
0.001	0.441	0.001	0.557
0.275	0.001	0.223	0.501
0.055	0.001	0.943	0.001
0.001	0.001	0.997	0.001
0.725	0.109	0.001	0.165
0.997	0.001	0.001	0.001
0.001	0.001	0.001	0.997
0.001	0.001	0.667	0.331
0.001	0.282	0.164	0.553
0.118	0.386	0.385	0.111
0.001	0.502	0.388	0.109
0.001	0.439	0.001	0.559
0.276	0.001	0.114	0.609
0.385	0.001	0.613	0.001
0.109	0.001	0.889	0.001
0.779	0.001	0.054	0.166
0.889	0.001	0.109	0.001
0.054	0.001	0.219	0.726
>CCAAWGTCAAATTCCTGC	9-CCAAWGTCAAATTCCTGC	20.601957	-99.051110	0	T:17.0(1.70%),B:1.9(0.00%),P:1e-43	Tpos:98.3,Tstd:24.8,Bpos:112.0,Bstd:0.0,StrandBias:0.3,Multiplicity:1.06
0.001	0.997	0.001	0.001
0.001	0.865	0.001	0.133
0.966	0.032	0.001	0.001
0.966	0.032	0.001	0.001
0.407	0.001	0.133	0.459
0.066	0.001	0.932	0.001
0.001	0.001	0.001	0.997
0.001	0.997	0.001	0.001
0.966	0.001	0.001	0.032
0.599	0.033	0.367	0.001
0.966	0.001	0.001	0.032
0.001	0.032	0.001	0.966
0.001	0.001	0.001	0.997
0.001	0.997	0.001	0.001
0.001	0.932	0.001	0.066
0.032	0.001	0.001	0.966
0.001	0.001	0.966	0.032
0.001	0.966	0.001	0.032
>GAGGAAAACTGAAAAAGG	10-GAGGAAAACTGAAAAAGG	14.641328	-85.721082	0	T:15.0(1.50%),B:1.4(0.00%),P:1e-37	Tpos:90.6,Tstd:35.8,Bpos:103.0,Bstd:0.0,StrandBias:-0.8,Multiplicity:1.00
0.100	0.100	0.700	0.100
0.700	0.100	0.100	0.100
0.100	0.100	0.700	0.100
0.100	0.100	0.700	0.100
0.700	0.100	0.100	0.100
0.700	0.100	0.100	0.100
0.700	0.100	0.100	0.100
0.700	0.100	0.100	0.100
0.100	0.700	0.100	0.100
0.100	0.100	0.100	0.700
0.100	0.100	0.700	0.100
0.700	0.100	0.100	0.100
0.700	0.100	0.100	0.100
0.700	0.100	0.100	0.100
0.700	0.100	0.100	0.100
0.700	0.100	0.100	0.100
0.100	0.100	0.700	0.100
0.100	0.100	0.700	0.100
>ATGACTTTAAACATTACA	11-ATGACTTTAAACATTACA	10.698939	-85.721082	0	T:15.0(1.50%),B:0.9(0.00%),P:1e-37	Tpos:110.6,Tstd:68.5,Bpos:48.0,Bstd:0.0,StrandBias:1.0,Multiplicity:1.00
0.997	0.001	0.001	0.001
0.001	0.171	0.017	0.811
0.035	0.001	0.947	0.017
0.997	0.001	0.001	0.001
0.016	0.982	0.001	0.001
0.001	0.001	0.001	0.997
0.001	0.001	0.001	0.997
0.001	0.001	0.204	0.794
0.997	0.001	0.001	0.001
0.982	0.001	0.016	0.001
0.982	0.016	0.001	0.001
0.204	0.794	0.001	0.001
0.997	0.001	0.001	0.001
0.001	0.001	0.001	0.997
0.001	0.001	0.204	0.794
0.997	0.001	0.001	0.001
0.001	0.997	0.001	0.001
0.845	0.001	0.153	0.001
>RGAATYTRACTTTAGGCT	12-RGAATYTRACTTTAGGCT	12.674581	-81.595759	0	T:23.0(2.30%),B:13.2(0.03%),P:1e-35	Tpos:105.2,Tstd:47.8,Bpos:105.0,Bstd:48.7,StrandBias:0.4,Multiplicity:1.44
0.448	0.001	0.550	0.001
0.001	0.001	0.997	0.001
0.997	0.001	0.001	0.001
0.891	0.107	0.001	0.001
0.215	0.001	0.001	0.783
0.001	0.556	0.001	0.442
0.001	0.001	0.001	0.997
0.442	0.001	0.556	0.001
0.891	0.107	0.001	0.001
0.001	0.675	0.001	0.323
0.107	0.001	0.001	0.891
0.001	0.107	0.001	0.891
0.108	0.114	0.108	0.670
0.551	0.001	0.335	0.113
0.001	0.001	0.997	0.001
0.001	0.113	0.670	0.216
0.001	0.783	0.215	0.001
0.113	0.001	0.001	0.885
>AGCTTACTTCCTTGTCCT	13-AGCTTACTTCCTTGTCCT	13.313363	-63.839362	0	T:17.0(1.70%),B:8.9(0.02%),P:1e-27	Tpos:97.1,Tstd:47.6,Bpos:105.0,Bstd:50.8,StrandBias:-0.1,Multiplicity:1.47
0.995	0.001	0.002	0.002
0.275	0.001	0.723	0.001
0.001	0.860	0.137	0.002
0.137	0.303	0.001	0.559
0.001	0.279	0.001	0.719
0.997	0.001	0.001	0.001
0.001	0.859	0.001	0.139
0.001	0.001	0.001	0.997
0.001	0.001	0.001	0.997
0.001	0.997	0.001	0.001
0.001	0.857	0.001	0.141
0.002	0.140	0.138	0.720
0.002	0.002	0.001	0.995
0.137	0.140	0.722	0.001
0.001	0.001	0.001	0.997
0.137	0.722	0.001	0.140
0.278	0.719	0.001	0.002
0.001	0.001	0.137	0.861
>AAGAGCTCTCCACATTCC	14-AAGAGCTCTCCACATTCC	14.363750	-53.633161	0	T:10.0(1.00%),B:0.7(0.00%),P:1e-23	Tpos:88.9,Tstd:52.0,Bpos:128.0,Bstd:0.0,StrandBias:-0.6,Multiplicity:1.00
0.678	0.320	0.001	0.001
0.839	0.159	0.001	0.001
0.358	0.001	0.640	0.001
0.661	0.001	0.337	0.001
0.319	0.001	0.679	0.001
0.001	0.997	0.001	0.001
0.001	0.001	0.001	0.997
0.001	0.803	0.001	0.195
0.159	0.001	0.001	0.839
0.001	0.641	0.357	0.001
0.001	0.981	0.017	0.001
0.839	0.159	0.001	0.001
0.001	0.678	0.320	0.001
0.839	0.159	0.001	0.001
0.320	0.164	0.018	0.498
0.339	0.001	0.001	0.659
0.001	0.638	0.001	0.360
0.161	0.499	0.001	0.339
>CAAGATGAABACAGCTGA	15-CAAGATGAABACAGCTGA	15.508376	-47.474923	0	T:9.0(0.90%),B:1.9(0.00%),P:1e-20	Tpos:99.2,Tstd:57.2,Bpos:189.0,Bstd:0.0,StrandBias:0.3,Multiplicity:1.00
0.306	0.692	0.001	0.001
0.666	0.001	0.320	0.013
0.692	0.001	0.001	0.306
0.001	0.001	0.997	0.001
0.692	0.001	0.306	0.001
0.001	0.001	0.001	0.997
0.001	0.001	0.692	0.306
0.692	0.001	0.306	0.001
0.692	0.306	0.001	0.001
0.001	0.307	0.307	0.386
0.986	0.001	0.012	0.001
0.001	0.679	0.013	0.307
0.997	0.001	0.001	0.001
0.012	0.001	0.986	0.001
0.001	0.986	0.001	0.012
0.001	0.306	0.001	0.692
0.306	0.001	0.692	0.001
0.986	0.001	0.012	0.001
>TATKCAGTGACATYCAGA	16-TATKCAGTGACATYCAGA	13.249687	-44.579819	0	T:14.0(1.40%),B:12.5(0.03%),P:1e-19	Tpos:129.5,Tstd:34.8,Bpos:90.3,Bstd:69.1,StrandBias:0.8,Multiplicity:1.08
0.196	0.089	0.178	0.537
0.733	0.001	0.089	0.177
0.001	0.177	0.001	0.821
0.001	0.001	0.461	0.537
0.001	0.910	0.001	0.088
0.997	0.001	0.001	0.001
0.088	0.001	0.910	0.001
0.001	0.089	0.177	0.733
0.001	0.001	0.910	0.088
0.910	0.001	0.001	0.088
0.001	0.910	0.088	0.001
0.910	0.001	0.001	0.088
0.001	0.177	0.089	0.733
0.089	0.444	0.107	0.360
0.001	0.733	0.089	0.177
0.626	0.107	0.089	0.178
0.177	0.107	0.715	0.001
0.644	0.089	0.266	0.001
>ACTYTTCWACATTGTGST	17-ACTYTTCWACATTGTGST	15.244590	-41.423011	0	T:8.0(0.80%),B:1.6(0.00%),P:1e-17	Tpos:128.9,Tstd:51.6,Bpos:11.0,Bstd:0.0,StrandBias:0.6,Multiplicity:1.25
0.571	0.015	0.001	0.413
0.208	0.411	0.190	0.190
0.001	0.189	0.001	0.809
0.001	0.380	0.209	0.410
0.001	0.001	0.001	0.997
0.001	0.014	0.001	0.984
0.001	0.997	0.001	0.001
0.380	0.190	0.001	0.429
0.588	0.001	0.001	0.410
0.001	0.794	0.190	0.015
0.997	0.001	0.001	0.001
0.190	0.015	0.224	0.571
0.001	0.001	0.001	0.997
0.001	0.014	0.984	0.001
0.001	0.001	0.014	0.984
0.001	0.379	0.619	0.001
0.205	0.380	0.414	0.001
0.001	0.380	0.030	0.589
>CTCCCAGAYTNCAGGGCA	18-CTCCCAGAYTNCAGGGCA	15.845823	-35.489830	0	T:7.0(0.70%),B:1.4(0.00%),P:1e-15	Tpos:114.0,Tstd:50.4,Bpos:92.3,Bstd:24.5,StrandBias:-2.6,Multiplicity:1.00
0.001	0.764	0.001	0.234
0.234	0.001	0.001	0.764
0.003	0.995	0.001	0.001
0.235	0.525	0.001	0.239
0.001	0.764	0.001	0.234
0.997	0.001	0.001	0.001
0.001	0.001	0.997	0.001
0.946	0.052	0.001	0.001
0.001	0.529	0.001	0.469
0.001	0.234	0.001	0.764
0.235	0.235	0.235	0.295
0.001	0.764	0.234	0.001
0.712	0.048	0.001	0.239
0.001	0.001	0.764	0.234
0.001	0.001	0.764	0.234
0.234	0.001	0.764	0.001
0.001	0.951	0.001	0.047
0.997	0.001	0.001	0.001
>GAAGGTCAGGAAGCCCTT	19-GAAGGTCAGGAAGCCCTT	15.194463	-35.489830	0	T:7.0(0.70%),B:0.7(0.00%),P:1e-15	Tpos:82.0,Tstd:55.1,Bpos:175.0,Bstd:0.0,StrandBias:-1.3,Multiplicity:1.00
0.001	0.001	0.997	0.001
0.839	0.159	0.001	0.001
0.997	0.001	0.001	0.001
0.001	0.159	0.820	0.020
0.001	0.001	0.839	0.159
0.160	0.160	0.160	0.520
0.001	0.839	0.159	0.001
0.997	0.001	0.001	0.001
0.001	0.001	0.839	0.159
0.339	0.001	0.659	0.001
0.520	0.160	0.160	0.160
0.820	0.159	0.001	0.020
0.001	0.001	0.997	0.001
0.160	0.500	0.160	0.180
0.001	0.679	0.001	0.319
0.001	0.997	0.001	0.001
0.001	0.001	0.001	0.997
0.001	0.001	0.159	0.839
>KAMSARTKASTWASAMTR	20-KAMSARTKASTWASAMTR	16.564274	-29.691102	0	T:6.0(0.60%),B:0.0(0.00%),P:1e-12	Tpos:89.5,Tstd:47.9,Bpos:0.0,Bstd:0.0,StrandBias:-1.2,Multiplicity:1.67
0.001	0.001	0.464	0.534
0.997	0.001	0.001	0.001
0.442	0.442	0.001	0.114
0.001	0.534	0.464	0.001
0.997	0.001	0.001	0.001
0.534	0.001	0.464	0.001
0.001	0.001	0.001	0.997
0.001	0.001	0.556	0.442
0.997	0.001	0.001	0.001
0.001	0.442	0.556	0.001
0.001	0.001	0.001	0.997
0.442	0.001	0.001	0.556
0.997	0.001	0.001	0.001
0.001	0.556	0.442	0.001
0.908	0.001	0.001	0.090
0.534	0.464	0.001	0.001
0.001	0.001	0.090	0.908
0.442	0.001	0.556	0.001
>SCAKCMAGATAYAAASAR	21-SCAKCMAGATAYAAASAR	14.290228	-29.691102	0	T:6.0(0.60%),B:0.0(0.00%),P:1e-12	Tpos:95.7,Tstd:80.7,Bpos:0.0,Bstd:0.0,StrandBias:0.0,Multiplicity:1.00
0.001	0.534	0.442	0.023
0.001	0.976	0.022	0.001
0.997	0.001	0.001	0.001
0.001	0.001	0.442	0.556
0.001	0.997	0.001	0.001
0.556	0.442	0.001	0.001
0.997	0.001	0.001	0.001
0.001	0.001	0.976	0.022
0.997	0.001	0.001	0.001
0.001	0.022	0.001	0.976
0.997	0.001	0.001	0.001
0.001	0.533	0.001	0.465
0.997	0.001	0.001	0.001
0.997	0.001	0.001	0.001
0.976	0.001	0.001	0.022
0.001	0.442	0.556	0.001
0.997	0.001	0.001	0.001
0.556	0.001	0.442	0.001
>CTCCCCTCTGCABTGTCA	22-CTCCCCTCTGCABTGTCA	15.259762	-25.550404	0	T:6.0(0.60%),B:2.2(0.00%),P:1e-11	Tpos:79.7,Tstd:63.9,Bpos:31.4,Bstd:28.1,StrandBias:0.0,Multiplicity:1.00
0.019	0.979	0.001	0.001
0.001	0.019	0.001	0.979
0.001	0.672	0.001	0.326
0.307	0.673	0.001	0.019
0.306	0.692	0.001	0.001
0.001	0.997	0.001	0.001
0.001	0.001	0.001	0.997
0.001	0.997	0.001	0.001
0.326	0.001	0.001	0.672
0.001	0.001	0.692	0.306
0.001	0.997	0.001	0.001
0.672	0.001	0.001	0.326
0.001	0.307	0.386	0.307
0.001	0.001	0.001	0.997
0.001	0.001	0.692	0.306
0.001	0.001	0.001	0.997
0.306	0.692	0.001	0.001
0.613	0.385	0.001	0.001
>TYCARKGTMTGTRTTTGT	23-TYCARKGTMTGTRTTTGT	15.337028	-24.047403	0	T:5.0(0.50%),B:0.0(0.00%),P:1e-10	Tpos:77.4,Tstd:23.3,Bpos:0.0,Bstd:0.0,StrandBias:2.0,Multiplicity:1.00
0.028	0.001	0.001	0.970
0.001	0.556	0.001	0.442
0.001	0.997	0.001	0.001
0.997	0.001	0.001	0.001
0.556	0.001	0.442	0.001
0.001	0.114	0.442	0.442
0.001	0.001	0.997	0.001
0.028	0.001	0.057	0.914
0.556	0.442	0.001	0.001
0.001	0.001	0.001	0.997
0.001	0.001	0.997	0.001
0.001	0.001	0.001	0.997
0.442	0.001	0.556	0.001
0.001	0.001	0.001	0.997
0.001	0.001	0.001	0.997
0.001	0.001	0.001	0.997
0.001	0.001	0.884	0.114
0.001	0.001	0.001	0.997
>AACAGAACACTAACATAA	24-AACAGAACACTAACATAA	9.353309	-15.831235	0	T:4.0(0.40%),B:2.2(0.00%),P:1e-6	Tpos:153.7,Tstd:44.8,Bpos:82.0,Bstd:46.3,StrandBias:1.3,Multiplicity:1.00
0.997	0.001	0.001	0.001
0.815	0.183	0.001	0.001
0.001	0.815	0.001	0.183
0.997	0.001	0.001	0.001
0.001	0.001	0.997	0.001
0.794	0.007	0.001	0.198
0.794	0.204	0.001	0.001
0.007	0.801	0.001	0.191
0.997	0.001	0.001	0.001
0.006	0.992	0.001	0.001
0.001	0.001	0.001	0.997
0.997	0.001	0.001	0.001
0.800	0.001	0.198	0.001
0.001	0.800	0.001	0.198
0.794	0.204	0.001	0.001
0.001	0.001	0.001	0.997
0.997	0.001	0.001	0.001
0.808	0.190	0.001	0.001
>TTTTTTTTTTTTTTTTTT	25-TTTTTTTTTTTTTTTTTT	20.430598	-5.020327	0	T:11.0(1.10%),B:211.4(0.45%),P:1e-2	Tpos:51.8,Tstd:62.6,Bpos:99.1,Bstd:62.8,StrandBias:-1.1,Multiplicity:1.00
0.035	0.274	0.021	0.670
0.001	0.224	0.001	0.774
0.001	0.126	0.001	0.872
0.001	0.088	0.001	0.910
0.001	0.100	0.001	0.898
0.001	0.056	0.001	0.942
0.001	0.033	0.001	0.965
0.001	0.001	0.001	0.997
0.001	0.044	0.001	0.954
0.001	0.154	0.001	0.844
0.001	0.181	0.001	0.817
0.001	0.109	0.001	0.889
0.001	0.001	0.001	0.997
0.001	0.113	0.001	0.885
0.001	0.196	0.001	0.802
0.001	0.275	0.001	0.723
0.027	0.323	0.001	0.649
0.001	0.362	0.060	0.577
