>CCYAGTCRACTAGTCKACYA	17-CCYAGTCRACTAGTCKACYA,BestGuess:WRKY40(WRKY)/colamp-WRKY40-DAP-Seq(GSE60143)/Homer(0.569)	12.007418	-24.047403	0	T:5.0(0.50%),B:1.5(0.00%),P:1e-10
0.413	0.585	0.001	0.001
0.236	0.762	0.001	0.001
0.001	0.425	0.001	0.573
0.997	0.001	0.001	0.001
0.001	0.001	0.809	0.189
0.001	0.015	0.001	0.983
0.380	0.604	0.001	0.015
0.395	0.015	0.380	0.209
0.809	0.001	0.189	0.001
0.205	0.793	0.001	0.001
0.001	0.001	0.001	0.997
0.619	0.379	0.001	0.001
0.220	0.190	0.589	0.001
0.382	0.015	0.001	0.602
0.379	0.619	0.001	0.001
0.205	0.001	0.380	0.414
0.794	0.001	0.204	0.001
0.220	0.588	0.191	0.001
0.001	0.380	0.220	0.399
0.763	0.001	0.235	0.001
