>GGAATGTGGAGAGCTCTT	14-AAGAGCTCTCCACATTCC	14.363750	-53.633161	0	T:10.0(1.00%),B:0.7(0.00%),P:1e-23
0.339	0.001	0.499	0.161
0.360	0.001	0.638	0.001
0.659	0.001	0.001	0.339
0.498	0.018	0.164	0.320
0.001	0.001	0.159	0.839
0.001	0.320	0.678	0.001
0.001	0.001	0.159	0.839
0.001	0.017	0.981	0.001
0.001	0.357	0.641	0.001
0.839	0.001	0.001	0.159
0.195	0.001	0.803	0.001
0.997	0.001	0.001	0.001
0.001	0.001	0.997	0.001
0.001	0.679	0.001	0.319
0.001	0.337	0.001	0.661
0.001	0.640	0.001	0.358
0.001	0.001	0.159	0.839
0.001	0.001	0.320	0.678
