>ACCACACTGTAGAACAKKGT	13-ACCACACTGTAGAACAKKGT	12.568824	-37.615629	0	T:10.0(1.00%),B:5.5(0.01%),P:1e-16
0.681	0.317	0.001	0.001
0.001	0.681	0.317	0.001
0.127	0.554	0.318	0.001
0.575	0.001	0.318	0.106
0.127	0.766	0.106	0.001
0.997	0.001	0.001	0.001
0.021	0.660	0.001	0.318
0.001	0.105	0.001	0.893
0.001	0.105	0.893	0.001
0.106	0.106	0.001	0.787
0.765	0.001	0.233	0.001
0.105	0.001	0.893	0.001
0.787	0.001	0.211	0.001
0.997	0.001	0.001	0.001
0.001	0.681	0.106	0.212
0.787	0.106	0.001	0.106
0.106	0.001	0.448	0.445
0.233	0.001	0.339	0.426
0.001	0.001	0.768	0.230
0.001	0.211	0.001	0.787
