>GGSWGGGMTTTRA	18-GGSWGGGMTTTRA	10.390319	-50.648006	0	T:45.0(4.50%),B:315.9(0.67%),P:1e-21
0.115	0.001	0.883	0.001
0.001	0.004	0.937	0.058
0.001	0.535	0.463	0.001
0.531	0.001	0.001	0.467
0.116	0.001	0.820	0.063
0.001	0.001	0.941	0.057
0.356	0.001	0.642	0.001
0.478	0.464	0.001	0.058
0.174	0.009	0.058	0.759
0.001	0.405	0.001	0.593
0.058	0.058	0.001	0.883
0.535	0.001	0.463	0.001
0.768	0.116	0.058	0.058
