>TGGGAATGCASMGGGAATGC	9-TGGGAATGCASMGGGAATGC,BestGuess:TEC1/MA0406.1/Jaspar(0.608)	14.026612	-63.662421	0	T:13.0(1.30%),B:2.2(0.00%),P:1e-27
0.001	0.001	0.280	0.718
0.001	0.070	0.640	0.289
0.070	0.001	0.859	0.070
0.069	0.001	0.929	0.001
0.720	0.070	0.070	0.140
0.929	0.001	0.001	0.069
0.001	0.069	0.001	0.929
0.001	0.070	0.570	0.359
0.001	0.715	0.210	0.074
0.645	0.211	0.070	0.074
0.070	0.495	0.434	0.001
0.421	0.281	0.070	0.229
0.220	0.140	0.500	0.140
0.149	0.001	0.500	0.350
0.069	0.001	0.929	0.001
0.789	0.209	0.001	0.001
0.929	0.069	0.001	0.001
0.001	0.001	0.069	0.929
0.001	0.001	0.859	0.139
0.001	0.772	0.070	0.157
