>GTAACACTKWGAMACACATC	11-GATGTGTKTCWMAGTGTTAC	14.033463	-47.474923	0	T:9.0(0.90%),B:1.7(0.00%),P:1e-20
0.001	0.001	0.997	0.001
0.001	0.319	0.159	0.521
0.650	0.159	0.001	0.190
0.834	0.001	0.001	0.164
0.319	0.675	0.005	0.001
0.679	0.319	0.001	0.001
0.165	0.669	0.001	0.165
0.001	0.001	0.164	0.834
0.001	0.001	0.520	0.478
0.509	0.001	0.001	0.489
0.186	0.160	0.495	0.160
0.994	0.004	0.001	0.001
0.351	0.325	0.160	0.165
0.669	0.329	0.001	0.001
0.001	0.997	0.001	0.001
0.675	0.159	0.001	0.165
0.001	0.679	0.001	0.319
0.521	0.159	0.001	0.319
0.164	0.001	0.001	0.834
0.170	0.490	0.005	0.335
