>RGAATYTRACTTTAGGCT	12-RGAATYTRACTTTAGGCT	12.674581	-81.595759	0	T:23.0(2.30%),B:13.2(0.03%),P:1e-35
0.448	0.001	0.550	0.001
0.001	0.001	0.997	0.001
0.997	0.001	0.001	0.001
0.891	0.107	0.001	0.001
0.215	0.001	0.001	0.783
0.001	0.556	0.001	0.442
0.001	0.001	0.001	0.997
0.442	0.001	0.556	0.001
0.891	0.107	0.001	0.001
0.001	0.675	0.001	0.323
0.107	0.001	0.001	0.891
0.001	0.107	0.001	0.891
0.108	0.114	0.108	0.670
0.551	0.001	0.335	0.113
0.001	0.001	0.997	0.001
0.001	0.113	0.670	0.216
0.001	0.783	0.215	0.001
0.113	0.001	0.001	0.885
