>TRGTMGACTAGTYGACTRGG	17-CCYAGTCRACTAGTCKACYA	12.007418	-24.047403	0	T:5.0(0.50%),B:1.5(0.00%),P:1e-10
0.001	0.235	0.001	0.763
0.399	0.220	0.380	0.001
0.001	0.191	0.588	0.220
0.001	0.204	0.001	0.794
0.414	0.380	0.001	0.205
0.001	0.001	0.619	0.379
0.602	0.001	0.015	0.382
0.001	0.589	0.190	0.220
0.001	0.001	0.379	0.619
0.997	0.001	0.001	0.001
0.001	0.001	0.793	0.205
0.001	0.189	0.001	0.809
0.209	0.380	0.015	0.395
0.015	0.001	0.604	0.380
0.983	0.001	0.015	0.001
0.189	0.809	0.001	0.001
0.001	0.001	0.001	0.997
0.573	0.001	0.425	0.001
0.001	0.001	0.762	0.236
0.001	0.001	0.585	0.413
