>ACTYTTCWACATTGTGST	17-ACTYTTCWACATTGTGST,BestGuess:Sox17/MA0078.1/Jaspar(0.667)	15.244590	-41.423011	0	T:8.0(0.80%),B:1.6(0.00%),P:1e-17
0.571	0.015	0.001	0.413
0.208	0.411	0.190	0.190
0.001	0.189	0.001	0.809
0.001	0.380	0.209	0.410
0.001	0.001	0.001	0.997
0.001	0.014	0.001	0.984
0.001	0.997	0.001	0.001
0.380	0.190	0.001	0.429
0.588	0.001	0.001	0.410
0.001	0.794	0.190	0.015
0.997	0.001	0.001	0.001
0.190	0.015	0.224	0.571
0.001	0.001	0.001	0.997
0.001	0.014	0.984	0.001
0.001	0.001	0.014	0.984
0.001	0.379	0.619	0.001
0.205	0.380	0.414	0.001
0.001	0.380	0.030	0.589
