>GCATTCCCKSTGCATTCCCA	9-TGGGAATGCASMGGGAATGC	14.026612	-63.662421	0	T:13.0(1.30%),B:2.2(0.00%),P:1e-27
0.157	0.070	0.772	0.001
0.139	0.859	0.001	0.001
0.929	0.069	0.001	0.001
0.001	0.001	0.069	0.929
0.001	0.001	0.209	0.789
0.001	0.929	0.001	0.069
0.350	0.500	0.001	0.149
0.140	0.500	0.140	0.220
0.229	0.070	0.281	0.421
0.001	0.434	0.495	0.070
0.074	0.070	0.211	0.645
0.074	0.210	0.715	0.001
0.359	0.570	0.070	0.001
0.929	0.001	0.069	0.001
0.069	0.001	0.001	0.929
0.140	0.070	0.070	0.720
0.001	0.929	0.001	0.069
0.070	0.859	0.001	0.070
0.289	0.640	0.070	0.001
0.718	0.280	0.001	0.001
