>GATGTGTKTCWMAGTGTTAC	11-GATGTGTKTCWMAGTGTTAC,BestGuess:THI2/THI2_Thi-/[](Harbison)/Yeast(0.574)	14.033463	-47.474923	0	T:9.0(0.90%),B:1.7(0.00%),P:1e-20
0.335	0.005	0.490	0.170
0.834	0.001	0.001	0.164
0.319	0.001	0.159	0.521
0.319	0.001	0.679	0.001
0.165	0.001	0.159	0.675
0.001	0.001	0.997	0.001
0.001	0.001	0.329	0.669
0.165	0.160	0.325	0.351
0.001	0.001	0.004	0.994
0.160	0.495	0.160	0.186
0.489	0.001	0.001	0.509
0.478	0.520	0.001	0.001
0.834	0.164	0.001	0.001
0.165	0.001	0.669	0.165
0.001	0.001	0.319	0.679
0.001	0.005	0.675	0.319
0.164	0.001	0.001	0.834
0.190	0.001	0.159	0.650
0.521	0.159	0.319	0.001
0.001	0.997	0.001	0.001
