>ACAGCCTVAGGDTAGAGTCC	14-ACAGCCTVAGGDTAGAGTCC,BestGuess:ZSCAN22(Zf)/HEK293-ZSCAN22.GFP-ChIP-Seq(GSE58341)/Homer(0.640)	16.763385	-35.896658	0	T:8.0(0.80%),B:2.1(0.00%),P:1e-15
0.692	0.001	0.001	0.306
0.001	0.692	0.306	0.001
0.692	0.001	0.001	0.306
0.001	0.001	0.997	0.001
0.001	0.997	0.001	0.001
0.001	0.997	0.001	0.001
0.306	0.001	0.001	0.692
0.359	0.307	0.333	0.001
0.997	0.001	0.001	0.001
0.385	0.001	0.613	0.001
0.001	0.001	0.997	0.001
0.307	0.001	0.307	0.386
0.306	0.001	0.001	0.692
0.692	0.001	0.306	0.001
0.001	0.001	0.692	0.306
0.997	0.001	0.001	0.001
0.001	0.001	0.946	0.052
0.001	0.306	0.001	0.692
0.001	0.692	0.001	0.306
0.001	0.613	0.001	0.385
