>DNTTCCTGGAAWG	4-DNTTCCTGGAAWG	8.455891	-210.504271	0	T:133.0(13.30%),B:559.2(1.19%),P:1e-91
0.354	0.202	0.205	0.239
0.294	0.265	0.206	0.235
0.151	0.083	0.233	0.533
0.029	0.101	0.311	0.559
0.047	0.617	0.148	0.188
0.040	0.841	0.002	0.117
0.080	0.015	0.021	0.884
0.106	0.002	0.807	0.085
0.151	0.107	0.683	0.059
0.513	0.084	0.260	0.143
0.465	0.135	0.270	0.130
0.338	0.001	0.243	0.419
0.083	0.105	0.707	0.105
