>CCAAWGTCAAATTCCTGC	9-CCAAWGTCAAATTCCTGC	20.601957	-99.051110	0	T:17.0(1.70%),B:1.9(0.00%),P:1e-43
0.001	0.997	0.001	0.001
0.001	0.865	0.001	0.133
0.966	0.032	0.001	0.001
0.966	0.032	0.001	0.001
0.407	0.001	0.133	0.459
0.066	0.001	0.932	0.001
0.001	0.001	0.001	0.997
0.001	0.997	0.001	0.001
0.966	0.001	0.001	0.032
0.599	0.033	0.367	0.001
0.966	0.001	0.001	0.032
0.001	0.032	0.001	0.966
0.001	0.001	0.001	0.997
0.001	0.997	0.001	0.001
0.001	0.932	0.001	0.066
0.032	0.001	0.001	0.966
0.001	0.001	0.966	0.032
0.001	0.966	0.001	0.032
