>RATTCAGTGACATTCRGAAW	12-RATTCAGTGACATTCRGAAW,BestGuess:PBX3/MA1114.1/Jaspar(0.662)	15.409105	-46.720905	0	T:10.0(1.00%),B:2.3(0.00%),P:1e-20
0.332	0.172	0.332	0.163
0.520	0.160	0.160	0.160
0.001	0.172	0.159	0.668
0.001	0.001	0.171	0.827
0.001	0.668	0.159	0.172
0.997	0.001	0.001	0.001
0.001	0.001	0.997	0.001
0.001	0.001	0.001	0.997
0.159	0.001	0.839	0.001
0.997	0.001	0.001	0.001
0.001	0.986	0.012	0.001
0.679	0.319	0.001	0.001
0.001	0.159	0.159	0.681
0.001	0.012	0.345	0.642
0.001	0.681	0.159	0.159
0.348	0.172	0.320	0.160
0.185	0.012	0.802	0.001
0.986	0.001	0.012	0.001
0.839	0.001	0.001	0.159
0.479	0.001	0.038	0.482
