>TATKCAGTGACATYCAGA	16-TATKCAGTGACATYCAGA	13.249687	-44.579819	0	T:14.0(1.40%),B:12.5(0.03%),P:1e-19
0.196	0.089	0.178	0.537
0.733	0.001	0.089	0.177
0.001	0.177	0.001	0.821
0.001	0.001	0.461	0.537
0.001	0.910	0.001	0.088
0.997	0.001	0.001	0.001
0.088	0.001	0.910	0.001
0.001	0.089	0.177	0.733
0.001	0.001	0.910	0.088
0.910	0.001	0.001	0.088
0.001	0.910	0.088	0.001
0.910	0.001	0.001	0.088
0.001	0.177	0.089	0.733
0.089	0.444	0.107	0.360
0.001	0.733	0.089	0.177
0.626	0.107	0.089	0.178
0.177	0.107	0.715	0.001
0.644	0.089	0.266	0.001
