>YTGGAATGTSSYTGGAAT	8-YTGGAATGTSSYTGGAAT	12.406255	-116.834211	0	T:34.0(3.40%),B:21.5(0.05%),P:1e-50
0.001	0.441	0.001	0.557
0.275	0.001	0.223	0.501
0.055	0.001	0.943	0.001
0.001	0.001	0.997	0.001
0.725	0.109	0.001	0.165
0.997	0.001	0.001	0.001
0.001	0.001	0.001	0.997
0.001	0.001	0.667	0.331
0.001	0.282	0.164	0.553
0.118	0.386	0.385	0.111
0.001	0.502	0.388	0.109
0.001	0.439	0.001	0.559
0.276	0.001	0.114	0.609
0.385	0.001	0.613	0.001
0.109	0.001	0.889	0.001
0.779	0.001	0.054	0.166
0.889	0.001	0.109	0.001
0.054	0.001	0.219	0.726
