>WTTCYGAATGTCACTGAATY	12-RATTCAGTGACATTCRGAAW	15.409105	-46.720905	0	T:10.0(1.00%),B:2.3(0.00%),P:1e-20
0.482	0.038	0.001	0.479
0.159	0.001	0.001	0.839
0.001	0.012	0.001	0.986
0.001	0.802	0.012	0.185
0.160	0.320	0.172	0.348
0.159	0.159	0.681	0.001
0.642	0.345	0.012	0.001
0.681	0.159	0.159	0.001
0.001	0.001	0.319	0.679
0.001	0.012	0.986	0.001
0.001	0.001	0.001	0.997
0.001	0.839	0.001	0.159
0.997	0.001	0.001	0.001
0.001	0.997	0.001	0.001
0.001	0.001	0.001	0.997
0.172	0.159	0.668	0.001
0.827	0.171	0.001	0.001
0.668	0.159	0.172	0.001
0.160	0.160	0.160	0.520
0.163	0.332	0.172	0.332
