>NNNNBSCWGGAATGYNNN	1-NNNNBSCWGGAATGYNNN	8.864770	-1400.562632	0	T:578.0(57.80%),B:1313.7(2.81%),P:1e-608
0.268	0.211	0.227	0.294
0.206	0.289	0.268	0.237
0.201	0.232	0.289	0.278
0.278	0.278	0.247	0.196
0.139	0.263	0.314	0.283
0.119	0.417	0.320	0.144
0.098	0.562	0.211	0.129
0.468	0.001	0.001	0.530
0.001	0.001	0.997	0.001
0.001	0.001	0.997	0.001
0.997	0.001	0.001	0.001
0.997	0.001	0.001	0.001
0.001	0.001	0.001	0.997
0.001	0.103	0.536	0.360
0.001	0.437	0.001	0.561
0.253	0.227	0.268	0.253
0.294	0.201	0.268	0.237
0.278	0.304	0.217	0.201
