>NNNNNRRNATBCCWGGAATG	1-NNNNNRRNATBCCWGGAATG	8.202598	-1388.337597	0	T:624.0(62.40%),B:1804.8(3.85%),P:1e-602
0.235	0.265	0.271	0.229
0.239	0.265	0.261	0.235
0.223	0.282	0.267	0.229
0.205	0.288	0.301	0.205
0.292	0.214	0.197	0.297
0.284	0.197	0.354	0.165
0.299	0.165	0.377	0.159
0.311	0.299	0.197	0.193
0.464	0.205	0.167	0.163
0.197	0.169	0.193	0.441
0.089	0.231	0.329	0.352
0.044	0.525	0.284	0.147
0.030	0.773	0.047	0.150
0.422	0.002	0.019	0.557
0.067	0.001	0.931	0.001
0.001	0.001	0.997	0.001
0.907	0.034	0.019	0.040
0.997	0.001	0.001	0.001
0.001	0.001	0.001	0.997
0.001	0.001	0.722	0.276
