>CTGCCAGAGCTTACTTCCTT	8-CTGCCAGAGCTTACTTCCTT,BestGuess:ELF3/MA0640.2/Jaspar(0.594)	15.964075	-70.233897	0	T:16.0(1.60%),B:4.3(0.01%),P:1e-30
0.001	0.981	0.009	0.009
0.209	0.001	0.001	0.789
0.001	0.001	0.799	0.199
0.001	0.990	0.001	0.008
0.001	0.799	0.001	0.199
0.590	0.190	0.001	0.219
0.190	0.001	0.619	0.190
0.809	0.001	0.001	0.189
0.199	0.190	0.610	0.001
0.008	0.990	0.001	0.001
0.009	0.399	0.001	0.591
0.001	0.389	0.001	0.609
0.997	0.001	0.001	0.001
0.001	0.809	0.189	0.001
0.001	0.199	0.001	0.799
0.001	0.001	0.001	0.997
0.190	0.619	0.001	0.190
0.001	0.997	0.001	0.001
0.001	0.190	0.009	0.800
0.190	0.001	0.018	0.791
