>GGAAGGACAGGMAGCCCCAG	15-GGAAGGACAGGMAGCCCCAG	15.506154	-35.489830	0	T:7.0(0.70%),B:1.9(0.00%),P:1e-15
0.097	0.097	0.805	0.001
0.291	0.001	0.707	0.001
0.609	0.001	0.389	0.001
0.805	0.097	0.097	0.001
0.195	0.001	0.707	0.097
0.001	0.001	0.804	0.194
0.487	0.292	0.097	0.123
0.097	0.805	0.097	0.001
0.804	0.001	0.001	0.194
0.097	0.001	0.880	0.022
0.099	0.001	0.899	0.001
0.512	0.390	0.097	0.001
0.997	0.001	0.001	0.001
0.020	0.097	0.786	0.097
0.001	0.997	0.001	0.001
0.001	0.609	0.001	0.389
0.194	0.804	0.001	0.001
0.195	0.584	0.001	0.220
0.585	0.001	0.097	0.317
0.001	0.097	0.901	0.001
