>CCTAGCCCAARGTCARATTC	7-GAATYTGACYTTGGGCTAGG	14.921427	-111.850622	0	T:21.0(2.10%),B:2.7(0.01%),P:1e-48
0.001	0.745	0.001	0.253
0.088	0.665	0.082	0.165
0.082	0.086	0.083	0.749
0.502	0.001	0.331	0.166
0.081	0.086	0.832	0.001
0.163	0.670	0.166	0.001
0.001	0.997	0.001	0.001
0.001	0.659	0.001	0.339
0.835	0.083	0.081	0.001
0.835	0.081	0.083	0.001
0.421	0.001	0.332	0.246
0.009	0.001	0.989	0.001
0.081	0.001	0.001	0.917
0.001	0.909	0.081	0.009
0.916	0.001	0.001	0.082
0.494	0.081	0.424	0.001
0.836	0.001	0.001	0.162
0.082	0.085	0.001	0.832
0.001	0.001	0.001	0.997
0.001	0.997	0.001	0.001
