>NNVVNDBBNNAGGAATGTBN	2-NNVVNDBBNNAGGAATGTBN	7.567736	-890.238371	0	T:571.0(57.10%),B:3158.8(6.75%),P:1e-386
0.219	0.252	0.281	0.248
0.300	0.233	0.237	0.230
0.319	0.215	0.300	0.167
0.289	0.193	0.337	0.181
0.282	0.218	0.233	0.267
0.322	0.144	0.311	0.222
0.189	0.226	0.237	0.348
0.141	0.300	0.293	0.267
0.193	0.337	0.211	0.259
0.233	0.293	0.285	0.189
0.600	0.129	0.270	0.001
0.370	0.001	0.626	0.003
0.077	0.044	0.878	0.001
0.958	0.040	0.001	0.001
0.997	0.001	0.001	0.001
0.001	0.001	0.001	0.997
0.001	0.001	0.706	0.292
0.092	0.377	0.001	0.530
0.167	0.281	0.326	0.226
0.281	0.200	0.259	0.259
