>TTTTTTTTTTTTTTTTTT	25-TTTTTTTTTTTTTTTTTT	20.430598	-5.020327	0	T:11.0(1.10%),B:211.4(0.45%),P:1e-2
0.035	0.274	0.021	0.670
0.001	0.224	0.001	0.774
0.001	0.126	0.001	0.872
0.001	0.088	0.001	0.910
0.001	0.100	0.001	0.898
0.001	0.056	0.001	0.942
0.001	0.033	0.001	0.965
0.001	0.001	0.001	0.997
0.001	0.044	0.001	0.954
0.001	0.154	0.001	0.844
0.001	0.181	0.001	0.817
0.001	0.109	0.001	0.889
0.001	0.001	0.001	0.997
0.001	0.113	0.001	0.885
0.001	0.196	0.001	0.802
0.001	0.275	0.001	0.723
0.027	0.323	0.001	0.649
0.001	0.362	0.060	0.577
