>GCCATDGTWAATTCCTGTGT	16-GCCATDGTWAATTCCTGTGT,BestGuess:Ets1-distal(ETS)/CD4+-PolII-ChIP-Seq(Barski_et_al.)/Homer(0.633)	11.045240	-25.699735	0	T:15.0(1.50%),B:59.5(0.13%),P:1e-11
0.131	0.001	0.803	0.065
0.131	0.664	0.139	0.066
0.131	0.737	0.066	0.066
0.541	0.131	0.197	0.131
0.262	0.131	0.066	0.541
0.262	0.066	0.262	0.410
0.066	0.197	0.671	0.066
0.073	0.197	0.066	0.664
0.475	0.001	0.131	0.393
0.672	0.196	0.131	0.001
0.869	0.001	0.065	0.065
0.131	0.131	0.131	0.607
0.066	0.131	0.008	0.795
0.131	0.803	0.001	0.065
0.065	0.927	0.001	0.007
0.131	0.131	0.066	0.672
0.066	0.066	0.802	0.066
0.001	0.007	0.001	0.991
0.081	0.131	0.591	0.197
0.008	0.066	0.131	0.795
