>CTKGAWATTTKAGAAATKTC	6-CTKGAWATTTKAGAAATKTC,BestGuess:sd/dmmpmm(Pollard)/fly(0.611)	11.548232	-137.235463	0	T:28.0(2.80%),B:4.5(0.01%),P:1e-59
0.010	0.706	0.001	0.283
0.235	0.001	0.060	0.704
0.001	0.001	0.517	0.481
0.283	0.235	0.482	0.001
0.716	0.001	0.282	0.001
0.529	0.001	0.001	0.469
0.997	0.001	0.001	0.001
0.247	0.283	0.001	0.469
0.245	0.001	0.001	0.753
0.001	0.234	0.001	0.764
0.010	0.001	0.520	0.469
0.764	0.001	0.001	0.234
0.001	0.001	0.997	0.001
0.764	0.001	0.001	0.234
0.997	0.001	0.001	0.001
0.997	0.001	0.001	0.001
0.001	0.234	0.001	0.764
0.001	0.001	0.481	0.517
0.048	0.247	0.001	0.704
0.294	0.470	0.001	0.235
