>CTCATTTTCCATGATTTT	3-AAAATCATGGAAAATGAG	12.574287	-168.785560	0	T:27.0(2.70%),B:1.9(0.00%),P:1e-73
0.108	0.890	0.001	0.001
0.001	0.001	0.001	0.997
0.001	0.783	0.108	0.108
0.997	0.001	0.001	0.001
0.107	0.001	0.001	0.891
0.001	0.001	0.001	0.997
0.001	0.001	0.001	0.997
0.107	0.001	0.001	0.891
0.001	0.666	0.001	0.332
0.108	0.675	0.001	0.216
0.666	0.001	0.332	0.001
0.001	0.225	0.001	0.773
0.001	0.107	0.891	0.001
0.555	0.001	0.108	0.336
0.001	0.001	0.001	0.997
0.001	0.108	0.108	0.783
0.108	0.108	0.001	0.783
0.001	0.001	0.001	0.997
