>AAAAAAAAAAAAAAAAARRA	20-AAAAAAAAAAAAAAAAARRA	20.332876	-4.171395	0	T:11.0(1.10%),B:239.4(0.51%),P:1e-1
0.889	0.001	0.101	0.009
0.639	0.018	0.302	0.041
0.946	0.001	0.052	0.001
0.897	0.001	0.101	0.001
0.847	0.001	0.151	0.001
0.997	0.001	0.001	0.001
0.997	0.001	0.001	0.001
0.958	0.001	0.040	0.001
0.697	0.001	0.301	0.001
0.997	0.001	0.001	0.001
0.949	0.001	0.049	0.001
0.947	0.001	0.051	0.001
0.949	0.001	0.049	0.001
0.948	0.001	0.050	0.001
0.706	0.001	0.292	0.001
0.647	0.001	0.351	0.001
0.645	0.001	0.154	0.200
0.419	0.026	0.303	0.252
0.416	0.226	0.304	0.054
0.592	0.101	0.154	0.153
