>TTGARGACKTGAAAAATGAC	4-TTGARGACKTGAAAAATGAC	14.470554	-140.349678	0	T:23.0(2.30%),B:0.0(0.00%),P:1e-60
0.197	0.049	0.099	0.655
0.049	0.006	0.148	0.797
0.099	0.049	0.600	0.252
0.803	0.098	0.098	0.001
0.395	0.056	0.450	0.099
0.247	0.001	0.555	0.197
0.797	0.055	0.099	0.049
0.098	0.852	0.001	0.049
0.246	0.001	0.351	0.402
0.098	0.001	0.055	0.846
0.001	0.001	0.900	0.098
0.704	0.001	0.197	0.098
0.802	0.049	0.148	0.001
0.753	0.049	0.099	0.099
0.649	0.049	0.001	0.301
0.997	0.001	0.001	0.001
0.049	0.001	0.098	0.852
0.001	0.049	0.846	0.104
0.594	0.006	0.351	0.049
0.099	0.555	0.247	0.099
