>GAAGGTCAGGAAGCCCTT	19-GAAGGTCAGGAAGCCCTT,BestGuess:ESR2/MA0258.2/Jaspar(0.681)	15.194463	-35.489830	0	T:7.0(0.70%),B:0.7(0.00%),P:1e-15
0.001	0.001	0.997	0.001
0.839	0.159	0.001	0.001
0.997	0.001	0.001	0.001
0.001	0.159	0.820	0.020
0.001	0.001	0.839	0.159
0.160	0.160	0.160	0.520
0.001	0.839	0.159	0.001
0.997	0.001	0.001	0.001
0.001	0.001	0.839	0.159
0.339	0.001	0.659	0.001
0.520	0.160	0.160	0.160
0.820	0.159	0.001	0.020
0.001	0.001	0.997	0.001
0.160	0.500	0.160	0.180
0.001	0.679	0.001	0.319
0.001	0.997	0.001	0.001
0.001	0.001	0.001	0.997
0.001	0.001	0.159	0.839
