>TGCCCTGNARTCTGGGAG	18-CTCCCAGAYTNCAGGGCA	15.845823	-35.489830	0	T:7.0(0.70%),B:1.4(0.00%),P:1e-15
0.001	0.001	0.001	0.997
0.047	0.001	0.951	0.001
0.001	0.764	0.001	0.234
0.234	0.764	0.001	0.001
0.234	0.764	0.001	0.001
0.239	0.001	0.048	0.712
0.001	0.234	0.764	0.001
0.295	0.235	0.235	0.235
0.764	0.001	0.234	0.001
0.469	0.001	0.529	0.001
0.001	0.001	0.052	0.946
0.001	0.997	0.001	0.001
0.001	0.001	0.001	0.997
0.234	0.001	0.764	0.001
0.239	0.001	0.525	0.235
0.001	0.001	0.995	0.003
0.764	0.001	0.001	0.234
0.234	0.001	0.764	0.001
