>CARSCCYSYAGCCTSAGGCT	10-CARSCCYSYAGCCTSAGGCT	12.635785	-49.936577	0	T:24.0(2.40%),B:61.8(0.13%),P:1e-21
0.036	0.795	0.133	0.036
0.782	0.216	0.001	0.001
0.288	0.001	0.435	0.276
0.036	0.361	0.422	0.182
0.216	0.603	0.001	0.180
0.255	0.564	0.001	0.180
0.072	0.359	0.108	0.461
0.072	0.400	0.348	0.180
0.108	0.352	0.179	0.361
0.675	0.001	0.144	0.180
0.001	0.001	0.997	0.001
0.001	0.891	0.107	0.001
0.001	0.997	0.001	0.001
0.107	0.001	0.001	0.891
0.072	0.399	0.457	0.072
0.677	0.036	0.286	0.001
0.143	0.001	0.820	0.036
0.001	0.022	0.976	0.001
0.001	0.927	0.001	0.071
0.361	0.036	0.001	0.602
