>TCAGCTGTVTTCATCTTG	15-CAAGATGAABACAGCTGA	15.508376	-47.474923	0	T:9.0(0.90%),B:1.9(0.00%),P:1e-20
0.001	0.012	0.001	0.986
0.001	0.692	0.001	0.306
0.692	0.001	0.306	0.001
0.012	0.001	0.986	0.001
0.001	0.986	0.001	0.012
0.001	0.001	0.001	0.997
0.307	0.013	0.679	0.001
0.001	0.012	0.001	0.986
0.386	0.307	0.307	0.001
0.001	0.001	0.306	0.692
0.001	0.306	0.001	0.692
0.306	0.692	0.001	0.001
0.997	0.001	0.001	0.001
0.001	0.306	0.001	0.692
0.001	0.997	0.001	0.001
0.306	0.001	0.001	0.692
0.013	0.320	0.001	0.666
0.001	0.001	0.692	0.306
