>ATATTCCATGTCCTACAGTG	3-CACTGTAGGACATGGAATAT	14.780406	-147.397453	0	T:24.0(2.40%),B:0.0(0.00%),P:1e-64
0.997	0.001	0.001	0.001
0.001	0.001	0.001	0.997
0.651	0.001	0.001	0.347
0.001	0.001	0.001	0.997
0.001	0.001	0.001	0.997
0.001	0.866	0.001	0.132
0.001	0.997	0.001	0.001
0.751	0.001	0.230	0.018
0.090	0.134	0.258	0.518
0.018	0.038	0.943	0.001
0.306	0.001	0.001	0.692
0.001	0.632	0.001	0.366
0.001	0.632	0.001	0.366
0.018	0.001	0.001	0.980
0.595	0.001	0.001	0.403
0.037	0.925	0.001	0.037
0.997	0.001	0.001	0.001
0.018	0.001	0.980	0.001
0.001	0.001	0.001	0.997
0.001	0.001	0.653	0.345
