>CTTAAGGACGTGAAATAT	6-CTTAAGGACGTGAAATAT	13.085139	-140.349678	0	T:23.0(2.30%),B:1.9(0.00%),P:1e-60
0.306	0.692	0.001	0.001
0.001	0.307	0.035	0.657
0.001	0.001	0.342	0.656
0.613	0.001	0.001	0.385
0.690	0.001	0.308	0.001
0.001	0.001	0.997	0.001
0.001	0.001	0.691	0.307
0.963	0.001	0.001	0.035
0.036	0.654	0.001	0.309
0.001	0.308	0.656	0.035
0.001	0.001	0.306	0.692
0.306	0.001	0.692	0.001
0.657	0.001	0.341	0.001
0.997	0.001	0.001	0.001
0.997	0.001	0.001	0.001
0.001	0.001	0.001	0.997
0.997	0.001	0.001	0.001
0.001	0.001	0.001	0.997
